seq: 0
secs: 1768905918
nsecs: 459936857
position: [88.0, 231.0, 17.0, 19.0, 21.0, 19.0, 0.0, 0.0, 0.0, 254.0]

seq: 1
secs: 1768905918
nsecs: 476668834
position: [88.0, 231.0, 17.0, 19.0, 21.0, 19.0, 0.0, 0.0, 0.0, 254.0]

seq: 2
secs: 1768905918
nsecs: 493351459
position: [88.0, 231.0, 17.0, 19.0, 21.0, 19.0, 0.0, 0.0, 0.0, 254.0]

seq: 3
secs: 1768905918
nsecs: 510108232
position: [88.0, 231.0, 17.0, 19.0, 21.0, 19.0, 0.0, 0.0, 0.0, 254.0]

seq: 4
secs: 1768905918
nsecs: 526893377
position: [88.0, 231.0, 17.0, 19.0, 21.0, 19.0, 0.0, 0.0, 0.0, 254.0]

seq: 5
secs: 1768905918
nsecs: 543687582
position: [88.0, 231.0, 17.0, 19.0, 21.0, 19.0, 0.0, 0.0, 0.0, 254.0]

seq: 6
secs: 1768905918
nsecs: 566057920
position: [88.0, 231.0, 17.0, 19.0, 21.0, 19.0, 0.0, 0.0, 0.0, 254.0]

seq: 7
secs: 1768905918
nsecs: 583823442
position: [88.0, 231.0, 17.0, 19.0, 21.0, 19.0, 0.0, 0.0, 0.0, 254.0]

seq: 8
secs: 1768905918
nsecs: 600509405
position: [88.0, 231.0, 17.0, 19.0, 21.0, 19.0, 0.0, 0.0, 0.0, 254.0]

seq: 9
secs: 1768905918
nsecs: 618307352
position: [88.0, 231.0, 17.0, 19.0, 21.0, 19.0, 0.0, 0.0, 0.0, 254.0]

seq: 10
secs: 1768905918
nsecs: 635957956
position: [88.0, 231.0, 17.0, 19.0, 21.0, 19.0, 0.0, 0.0, 0.0, 254.0]

seq: 11
secs: 1768905918
nsecs: 652938842
position: [88.0, 231.0, 17.0, 19.0, 21.0, 19.0, 0.0, 0.0, 0.0, 254.0]

seq: 12
secs: 1768905918
nsecs: 669839382
position: [88.0, 231.0, 17.0, 19.0, 21.0, 19.0, 0.0, 0.0, 0.0, 254.0]

seq: 13
secs: 1768905918
nsecs: 686398983
position: [88.0, 231.0, 17.0, 19.0, 21.0, 19.0, 0.0, 0.0, 0.0, 254.0]

seq: 14
secs: 1768905918
nsecs: 703516483
position: [88.0, 231.0, 17.0, 19.0, 21.0, 19.0, 0.0, 0.0, 0.0, 254.0]

seq: 15
secs: 1768905918
nsecs: 719899415
position: [88.0, 231.0, 17.0, 19.0, 21.0, 19.0, 0.0, 0.0, 0.0, 254.0]

seq: 16
secs: 1768905918
nsecs: 736396312
position: [88.0, 231.0, 17.0, 19.0, 21.0, 19.0, 0.0, 0.0, 0.0, 254.0]

seq: 17
secs: 1768905918
nsecs: 752945661
position: [88.0, 231.0, 17.0, 19.0, 21.0, 19.0, 0.0, 0.0, 0.0, 254.0]

seq: 18
secs: 1768905918
nsecs: 769633769
position: [88.0, 231.0, 17.0, 19.0, 21.0, 19.0, 0.0, 0.0, 0.0, 254.0]

seq: 19
secs: 1768905918
nsecs: 786417484
position: [88.0, 231.0, 17.0, 19.0, 21.0, 19.0, 0.0, 0.0, 0.0, 254.0]

seq: 20
secs: 1768905918
nsecs: 803134679
position: [88.0, 231.0, 17.0, 19.0, 21.0, 19.0, 0.0, 0.0, 0.0, 254.0]

seq: 21
secs: 1768905918
nsecs: 820077419
position: [88.0, 231.0, 17.0, 19.0, 21.0, 19.0, 0.0, 0.0, 0.0, 254.0]

seq: 22
secs: 1768905918
nsecs: 836808919
position: [88.0, 231.0, 17.0, 19.0, 21.0, 19.0, 0.0, 0.0, 0.0, 254.0]

seq: 23
secs: 1768905918
nsecs: 853507280
position: [88.0, 231.0, 17.0, 19.0, 21.0, 19.0, 0.0, 0.0, 0.0, 254.0]

seq: 24
secs: 1768905918
nsecs: 870528459
position: [88.0, 231.0, 17.0, 19.0, 21.0, 19.0, 0.0, 0.0, 0.0, 254.0]

seq: 25
secs: 1768905918
nsecs: 887302637
position: [88.0, 231.0, 17.0, 19.0, 21.0, 19.0, 0.0, 0.0, 0.0, 254.0]

seq: 26
secs: 1768905918
nsecs: 904036283
position: [88.0, 231.0, 17.0, 19.0, 21.0, 19.0, 0.0, 0.0, 0.0, 254.0]

seq: 27
secs: 1768905918
nsecs: 921017885
position: [88.0, 231.0, 17.0, 19.0, 21.0, 19.0, 0.0, 0.0, 0.0, 254.0]

seq: 28
secs: 1768905918
nsecs: 937747716
position: [88.0, 231.0, 17.0, 19.0, 21.0, 19.0, 0.0, 0.0, 0.0, 254.0]

seq: 29
secs: 1768905918
nsecs: 954694986
position: [88.0, 231.0, 17.0, 19.0, 21.0, 19.0, 0.0, 0.0, 0.0, 254.0]

seq: 30
secs: 1768905918
nsecs: 971473217
position: [88.0, 231.0, 17.0, 19.0, 21.0, 19.0, 0.0, 0.0, 0.0, 254.0]

seq: 31
secs: 1768905918
nsecs: 988374948
position: [88.0, 231.0, 17.0, 19.0, 21.0, 19.0, 0.0, 0.0, 0.0, 254.0]

seq: 32
secs: 1768905919
nsecs: 5322456
position: [88.0, 231.0, 17.0, 19.0, 21.0, 19.0, 0.0, 0.0, 0.0, 254.0]

seq: 33
secs: 1768905919
nsecs: 22425174
position: [88.0, 231.0, 17.0, 19.0, 21.0, 19.0, 0.0, 0.0, 0.0, 254.0]

seq: 34
secs: 1768905919
nsecs: 39099454
position: [88.0, 231.0, 17.0, 19.0, 21.0, 19.0, 0.0, 0.0, 0.0, 254.0]

seq: 35
secs: 1768905919
nsecs: 55838108
position: [88.0, 231.0, 17.0, 19.0, 21.0, 19.0, 0.0, 0.0, 0.0, 254.0]

seq: 36
secs: 1768905919
nsecs: 72684526
position: [88.0, 231.0, 17.0, 19.0, 21.0, 19.0, 0.0, 0.0, 0.0, 254.0]

seq: 37
secs: 1768905919
nsecs: 89403152
position: [88.0, 231.0, 17.0, 19.0, 21.0, 19.0, 0.0, 0.0, 0.0, 254.0]

seq: 38
secs: 1768905919
nsecs: 106280565
position: [88.0, 231.0, 17.0, 19.0, 21.0, 19.0, 0.0, 0.0, 0.0, 254.0]

seq: 39
secs: 1768905919
nsecs: 123188734
position: [88.0, 231.0, 17.0, 19.0, 21.0, 19.0, 0.0, 0.0, 0.0, 254.0]

seq: 40
secs: 1768905919
nsecs: 140040159
position: [88.0, 231.0, 17.0, 19.0, 21.0, 19.0, 0.0, 0.0, 0.0, 254.0]

seq: 41
secs: 1768905919
nsecs: 156902551
position: [88.0, 231.0, 17.0, 19.0, 21.0, 19.0, 0.0, 0.0, 0.0, 254.0]

seq: 42
secs: 1768905919
nsecs: 173565864
position: [88.0, 231.0, 17.0, 19.0, 21.0, 19.0, 0.0, 0.0, 0.0, 254.0]

seq: 43
secs: 1768905919
nsecs: 190366744
position: [88.0, 231.0, 17.0, 19.0, 21.0, 19.0, 0.0, 0.0, 0.0, 254.0]

seq: 44
secs: 1768905919
nsecs: 207250833
position: [88.0, 231.0, 17.0, 19.0, 21.0, 19.0, 0.0, 0.0, 0.0, 254.0]

seq: 45
secs: 1768905919
nsecs: 224198818
position: [88.0, 231.0, 17.0, 19.0, 21.0, 19.0, 0.0, 0.0, 0.0, 254.0]

seq: 46
secs: 1768905919
nsecs: 241063833
position: [88.0, 231.0, 17.0, 19.0, 21.0, 19.0, 0.0, 0.0, 0.0, 254.0]

seq: 47
secs: 1768905919
nsecs: 257748365
position: [88.0, 231.0, 17.0, 19.0, 21.0, 19.0, 0.0, 0.0, 0.0, 254.0]

seq: 48
secs: 1768905919
nsecs: 274524211
position: [88.0, 231.0, 17.0, 19.0, 21.0, 19.0, 0.0, 0.0, 0.0, 254.0]

seq: 49
secs: 1768905919
nsecs: 291422367
position: [88.0, 231.0, 17.0, 19.0, 21.0, 19.0, 0.0, 0.0, 0.0, 254.0]

seq: 50
secs: 1768905919
nsecs: 308229923
position: [88.0, 231.0, 17.0, 19.0, 21.0, 19.0, 0.0, 0.0, 0.0, 254.0]

seq: 51
secs: 1768905919
nsecs: 325178861
position: [88.0, 231.0, 17.0, 19.0, 21.0, 19.0, 0.0, 0.0, 0.0, 254.0]

seq: 52
secs: 1768905919
nsecs: 341978311
position: [88.0, 231.0, 17.0, 19.0, 21.0, 19.0, 0.0, 0.0, 0.0, 254.0]

seq: 53
secs: 1768905919
nsecs: 358915567
position: [88.0, 231.0, 17.0, 19.0, 21.0, 19.0, 0.0, 0.0, 0.0, 254.0]

seq: 54
secs: 1768905919
nsecs: 375416517
position: [88.0, 231.0, 17.0, 19.0, 21.0, 19.0, 0.0, 0.0, 0.0, 254.0]

seq: 55
secs: 1768905919
nsecs: 391840457
position: [88.0, 231.0, 17.0, 19.0, 21.0, 19.0, 0.0, 0.0, 0.0, 254.0]

seq: 56
secs: 1768905919
nsecs: 408224105
position: [88.0, 231.0, 17.0, 19.0, 21.0, 19.0, 0.0, 0.0, 0.0, 254.0]

seq: 57
secs: 1768905919
nsecs: 424613714
position: [88.0, 231.0, 17.0, 19.0, 21.0, 19.0, 0.0, 0.0, 0.0, 254.0]

seq: 58
secs: 1768905919
nsecs: 441336631
position: [88.0, 231.0, 17.0, 19.0, 21.0, 19.0, 0.0, 0.0, 0.0, 254.0]

seq: 59
secs: 1768905919
nsecs: 460368871
position: [88.0, 231.0, 17.0, 19.0, 21.0, 19.0, 0.0, 0.0, 0.0, 254.0]

seq: 60
secs: 1768905919
nsecs: 477794408
position: [88.0, 231.0, 17.0, 19.0, 21.0, 19.0, 0.0, 0.0, 0.0, 254.0]

seq: 61
secs: 1768905919
nsecs: 494149208
position: [88.0, 231.0, 17.0, 19.0, 21.0, 19.0, 0.0, 0.0, 0.0, 254.0]

seq: 62
secs: 1768905919
nsecs: 510507345
position: [88.0, 231.0, 17.0, 19.0, 21.0, 19.0, 0.0, 0.0, 0.0, 254.0]

seq: 63
secs: 1768905919
nsecs: 527048110
position: [88.0, 231.0, 17.0, 19.0, 21.0, 19.0, 0.0, 0.0, 0.0, 254.0]

seq: 64
secs: 1768905919
nsecs: 543802976
position: [88.0, 231.0, 17.0, 19.0, 21.0, 19.0, 0.0, 0.0, 0.0, 254.0]

seq: 65
secs: 1768905919
nsecs: 560696363
position: [88.0, 231.0, 17.0, 19.0, 21.0, 19.0, 0.0, 0.0, 0.0, 254.0]

seq: 66
secs: 1768905919
nsecs: 577386856
position: [88.0, 231.0, 17.0, 19.0, 21.0, 19.0, 0.0, 0.0, 0.0, 254.0]

seq: 67
secs: 1768905919
nsecs: 594121932
position: [88.0, 231.0, 17.0, 19.0, 21.0, 19.0, 0.0, 0.0, 0.0, 254.0]

seq: 68
secs: 1768905919
nsecs: 610906600
position: [88.0, 231.0, 17.0, 19.0, 21.0, 19.0, 0.0, 0.0, 0.0, 254.0]

seq: 69
secs: 1768905919
nsecs: 627732753
position: [88.0, 231.0, 17.0, 19.0, 21.0, 19.0, 0.0, 0.0, 0.0, 254.0]

seq: 70
secs: 1768905919
nsecs: 644532442
position: [88.0, 231.0, 17.0, 19.0, 21.0, 19.0, 0.0, 0.0, 0.0, 254.0]

seq: 71
secs: 1768905919
nsecs: 661272525
position: [88.0, 231.0, 17.0, 19.0, 21.0, 19.0, 0.0, 0.0, 0.0, 254.0]

seq: 72
secs: 1768905919
nsecs: 678032636
position: [88.0, 231.0, 17.0, 19.0, 21.0, 19.0, 0.0, 0.0, 0.0, 254.0]

seq: 73
secs: 1768905919
nsecs: 694976329
position: [88.0, 231.0, 17.0, 19.0, 21.0, 19.0, 0.0, 0.0, 0.0, 254.0]

seq: 74
secs: 1768905919
nsecs: 711711406
position: [88.0, 231.0, 17.0, 19.0, 21.0, 19.0, 0.0, 0.0, 0.0, 254.0]

seq: 75
secs: 1768905919
nsecs: 728376626
position: [88.0, 231.0, 17.0, 19.0, 21.0, 19.0, 0.0, 0.0, 0.0, 254.0]

seq: 76
secs: 1768905919
nsecs: 745019912
position: [88.0, 231.0, 17.0, 19.0, 21.0, 19.0, 0.0, 0.0, 0.0, 254.0]

seq: 77
secs: 1768905919
nsecs: 761713743
position: [88.0, 231.0, 17.0, 19.0, 21.0, 19.0, 0.0, 0.0, 0.0, 254.0]

seq: 78
secs: 1768905919
nsecs: 778441905
position: [88.0, 231.0, 17.0, 19.0, 21.0, 19.0, 0.0, 0.0, 0.0, 254.0]

seq: 79
secs: 1768905919
nsecs: 795243978
position: [88.0, 231.0, 17.0, 19.0, 21.0, 19.0, 0.0, 0.0, 0.0, 254.0]

seq: 80
secs: 1768905919
nsecs: 812015295
position: [88.0, 231.0, 17.0, 19.0, 21.0, 19.0, 0.0, 0.0, 0.0, 254.0]

seq: 81
secs: 1768905919
nsecs: 828778743
position: [88.0, 231.0, 17.0, 19.0, 21.0, 19.0, 0.0, 0.0, 0.0, 254.0]

seq: 82
secs: 1768905919
nsecs: 845639467
position: [88.0, 231.0, 17.0, 19.0, 21.0, 19.0, 0.0, 0.0, 0.0, 254.0]

seq: 83
secs: 1768905919
nsecs: 862368345
position: [88.0, 231.0, 17.0, 19.0, 21.0, 19.0, 0.0, 0.0, 0.0, 254.0]

seq: 84
secs: 1768905919
nsecs: 879223108
position: [88.0, 231.0, 17.0, 19.0, 21.0, 19.0, 0.0, 0.0, 0.0, 254.0]

seq: 85
secs: 1768905919
nsecs: 895995855
position: [88.0, 231.0, 17.0, 19.0, 21.0, 19.0, 0.0, 0.0, 0.0, 254.0]

seq: 86
secs: 1768905919
nsecs: 912698984
position: [88.0, 231.0, 17.0, 19.0, 21.0, 19.0, 0.0, 0.0, 0.0, 254.0]

seq: 87
secs: 1768905919
nsecs: 929614782
position: [88.0, 231.0, 17.0, 19.0, 21.0, 19.0, 0.0, 0.0, 0.0, 254.0]

seq: 88
secs: 1768905919
nsecs: 946355104
position: [88.0, 231.0, 17.0, 19.0, 21.0, 19.0, 0.0, 0.0, 0.0, 254.0]

seq: 89
secs: 1768905919
nsecs: 963049650
position: [88.0, 231.0, 17.0, 19.0, 21.0, 19.0, 0.0, 0.0, 0.0, 254.0]

seq: 90
secs: 1768905919
nsecs: 980219125
position: [88.0, 231.0, 17.0, 19.0, 21.0, 19.0, 0.0, 0.0, 0.0, 254.0]

seq: 91
secs: 1768905919
nsecs: 997669696
position: [88.0, 231.0, 17.0, 19.0, 21.0, 19.0, 0.0, 0.0, 0.0, 254.0]

seq: 92
secs: 1768905920
nsecs: 14568090
position: [88.0, 231.0, 17.0, 19.0, 21.0, 19.0, 0.0, 0.0, 0.0, 254.0]

seq: 93
secs: 1768905920
nsecs: 30996799
position: [88.0, 231.0, 17.0, 19.0, 21.0, 19.0, 0.0, 0.0, 0.0, 254.0]

seq: 94
secs: 1768905920
nsecs: 47781705
position: [88.0, 231.0, 17.0, 19.0, 21.0, 19.0, 0.0, 0.0, 0.0, 254.0]

seq: 95
secs: 1768905920
nsecs: 64623832
position: [88.0, 231.0, 17.0, 19.0, 21.0, 19.0, 0.0, 0.0, 0.0, 254.0]

seq: 96
secs: 1768905920
nsecs: 81532955
position: [88.0, 231.0, 17.0, 19.0, 21.0, 19.0, 0.0, 0.0, 0.0, 254.0]

seq: 97
secs: 1768905920
nsecs: 98555326
position: [88.0, 231.0, 17.0, 19.0, 21.0, 19.0, 0.0, 0.0, 0.0, 254.0]

seq: 98
secs: 1768905920
nsecs: 115291595
position: [88.0, 231.0, 17.0, 19.0, 21.0, 19.0, 0.0, 0.0, 0.0, 254.0]

seq: 99
secs: 1768905920
nsecs: 132167100
position: [88.0, 231.0, 17.0, 19.0, 21.0, 19.0, 0.0, 0.0, 0.0, 254.0]

seq: 100
secs: 1768905920
nsecs: 148748874
position: [88.0, 231.0, 17.0, 19.0, 21.0, 19.0, 0.0, 0.0, 0.0, 254.0]

seq: 101
secs: 1768905920
nsecs: 165604352
position: [88.0, 231.0, 17.0, 19.0, 21.0, 19.0, 0.0, 0.0, 0.0, 254.0]

seq: 102
secs: 1768905920
nsecs: 182445764
position: [88.0, 231.0, 17.0, 19.0, 21.0, 19.0, 0.0, 0.0, 0.0, 254.0]

seq: 103
secs: 1768905920
nsecs: 199244260
position: [88.0, 231.0, 17.0, 19.0, 21.0, 19.0, 0.0, 0.0, 0.0, 254.0]

seq: 104
secs: 1768905920
nsecs: 216083049
position: [88.0, 231.0, 17.0, 19.0, 21.0, 19.0, 0.0, 0.0, 0.0, 254.0]

seq: 105
secs: 1768905920
nsecs: 232936620
position: [88.0, 231.0, 17.0, 19.0, 21.0, 19.0, 0.0, 0.0, 0.0, 254.0]

seq: 106
secs: 1768905920
nsecs: 249735832
position: [88.0, 231.0, 17.0, 19.0, 21.0, 19.0, 0.0, 0.0, 0.0, 254.0]

seq: 107
secs: 1768905920
nsecs: 266647815
position: [88.0, 231.0, 17.0, 19.0, 21.0, 19.0, 0.0, 0.0, 0.0, 254.0]

seq: 108
secs: 1768905920
nsecs: 283503055
position: [88.0, 231.0, 17.0, 19.0, 21.0, 19.0, 0.0, 0.0, 0.0, 254.0]

seq: 109
secs: 1768905920
nsecs: 300407648
position: [88.0, 231.0, 17.0, 19.0, 21.0, 19.0, 0.0, 0.0, 0.0, 254.0]

seq: 110
secs: 1768905920
nsecs: 317166566
position: [88.0, 231.0, 17.0, 19.0, 21.0, 19.0, 0.0, 0.0, 0.0, 254.0]

seq: 111
secs: 1768905920
nsecs: 333986759
position: [88.0, 231.0, 17.0, 19.0, 21.0, 19.0, 0.0, 0.0, 0.0, 254.0]

seq: 112
secs: 1768905920
nsecs: 350832700
position: [88.0, 231.0, 17.0, 19.0, 21.0, 19.0, 0.0, 0.0, 0.0, 254.0]

seq: 113
secs: 1768905920
nsecs: 367742300
position: [88.0, 231.0, 17.0, 19.0, 21.0, 19.0, 0.0, 0.0, 0.0, 254.0]

seq: 114
secs: 1768905920
nsecs: 384527683
position: [88.0, 231.0, 17.0, 19.0, 21.0, 19.0, 0.0, 0.0, 0.0, 254.0]

seq: 115
secs: 1768905920
nsecs: 401471138
position: [88.0, 231.0, 17.0, 19.0, 21.0, 19.0, 0.0, 0.0, 0.0, 254.0]

seq: 116
secs: 1768905920
nsecs: 418111324
position: [88.0, 231.0, 17.0, 19.0, 21.0, 19.0, 0.0, 0.0, 0.0, 254.0]

seq: 117
secs: 1768905920
nsecs: 434533596
position: [88.0, 231.0, 17.0, 19.0, 21.0, 19.0, 0.0, 0.0, 0.0, 254.0]

seq: 118
secs: 1768905920
nsecs: 451026916
position: [88.0, 231.0, 17.0, 19.0, 21.0, 19.0, 0.0, 0.0, 0.0, 254.0]

seq: 119
secs: 1768905920
nsecs: 467548370
position: [88.0, 231.0, 17.0, 19.0, 21.0, 19.0, 0.0, 0.0, 0.0, 254.0]

seq: 120
secs: 1768905920
nsecs: 484336376
position: [88.0, 231.0, 17.0, 19.0, 21.0, 19.0, 0.0, 0.0, 0.0, 254.0]

seq: 121
secs: 1768905920
nsecs: 501085519
position: [88.0, 231.0, 17.0, 19.0, 21.0, 19.0, 0.0, 0.0, 0.0, 254.0]

seq: 122
secs: 1768905920
nsecs: 517884016
position: [88.0, 231.0, 17.0, 19.0, 21.0, 19.0, 0.0, 0.0, 0.0, 254.0]

seq: 123
secs: 1768905920
nsecs: 534490346
position: [88.0, 231.0, 17.0, 19.0, 21.0, 19.0, 0.0, 0.0, 0.0, 254.0]

seq: 124
secs: 1768905920
nsecs: 551505804
position: [88.0, 231.0, 17.0, 19.0, 21.0, 19.0, 0.0, 0.0, 0.0, 254.0]

seq: 125
secs: 1768905920
nsecs: 568306207
position: [88.0, 231.0, 17.0, 19.0, 21.0, 19.0, 0.0, 0.0, 0.0, 254.0]

seq: 126
secs: 1768905920
nsecs: 585112094
position: [88.0, 231.0, 17.0, 19.0, 21.0, 19.0, 0.0, 0.0, 0.0, 254.0]

seq: 127
secs: 1768905920
nsecs: 601903438
position: [88.0, 231.0, 17.0, 19.0, 21.0, 19.0, 0.0, 0.0, 0.0, 254.0]

seq: 128
secs: 1768905920
nsecs: 618734121
position: [88.0, 231.0, 17.0, 19.0, 21.0, 19.0, 0.0, 0.0, 0.0, 254.0]

seq: 129
secs: 1768905920
nsecs: 635734319
position: [88.0, 231.0, 17.0, 19.0, 21.0, 19.0, 0.0, 0.0, 0.0, 254.0]

seq: 130
secs: 1768905920
nsecs: 652610301
position: [88.0, 231.0, 17.0, 19.0, 21.0, 19.0, 0.0, 0.0, 0.0, 254.0]

seq: 131
secs: 1768905920
nsecs: 669375896
position: [88.0, 231.0, 17.0, 19.0, 21.0, 19.0, 0.0, 0.0, 0.0, 254.0]

seq: 132
secs: 1768905920
nsecs: 686321735
position: [88.0, 231.0, 17.0, 19.0, 21.0, 19.0, 0.0, 0.0, 0.0, 254.0]

seq: 133
secs: 1768905920
nsecs: 703269958
position: [88.0, 231.0, 17.0, 19.0, 21.0, 19.0, 0.0, 0.0, 0.0, 254.0]

seq: 134
secs: 1768905920
nsecs: 720167160
position: [88.0, 231.0, 17.0, 19.0, 21.0, 19.0, 0.0, 0.0, 0.0, 254.0]

seq: 135
secs: 1768905920
nsecs: 737004041
position: [88.0, 231.0, 17.0, 19.0, 21.0, 19.0, 0.0, 0.0, 0.0, 254.0]

seq: 136
secs: 1768905920
nsecs: 753829717
position: [88.0, 231.0, 17.0, 19.0, 21.0, 19.0, 0.0, 0.0, 0.0, 254.0]

seq: 137
secs: 1768905920
nsecs: 770790338
position: [88.0, 231.0, 17.0, 19.0, 21.0, 19.0, 0.0, 0.0, 0.0, 254.0]

seq: 138
secs: 1768905920
nsecs: 787584781
position: [88.0, 231.0, 17.0, 19.0, 21.0, 19.0, 0.0, 0.0, 0.0, 254.0]

seq: 139
secs: 1768905920
nsecs: 804438591
position: [88.0, 231.0, 17.0, 19.0, 21.0, 19.0, 0.0, 0.0, 0.0, 254.0]

seq: 140
secs: 1768905920
nsecs: 821221828
position: [88.0, 231.0, 17.0, 19.0, 21.0, 19.0, 0.0, 0.0, 0.0, 254.0]

seq: 141
secs: 1768905920
nsecs: 837981939
position: [88.0, 231.0, 17.0, 19.0, 21.0, 19.0, 0.0, 0.0, 0.0, 254.0]

seq: 142
secs: 1768905920
nsecs: 854841709
position: [88.0, 231.0, 17.0, 19.0, 21.0, 19.0, 0.0, 0.0, 0.0, 254.0]

seq: 143
secs: 1768905920
nsecs: 871800899
position: [88.0, 231.0, 17.0, 19.0, 21.0, 19.0, 0.0, 0.0, 0.0, 254.0]

seq: 144
secs: 1768905920
nsecs: 888581991
position: [88.0, 231.0, 17.0, 19.0, 21.0, 19.0, 0.0, 0.0, 0.0, 254.0]

seq: 145
secs: 1768905920
nsecs: 905393123
position: [88.0, 231.0, 17.0, 19.0, 21.0, 19.0, 0.0, 0.0, 0.0, 254.0]

seq: 146
secs: 1768905920
nsecs: 922060489
position: [88.0, 231.0, 17.0, 19.0, 21.0, 19.0, 0.0, 0.0, 0.0, 254.0]

seq: 147
secs: 1768905920
nsecs: 938920259
position: [88.0, 231.0, 17.0, 19.0, 21.0, 19.0, 0.0, 0.0, 0.0, 254.0]

seq: 148
secs: 1768905920
nsecs: 955775022
position: [88.0, 231.0, 17.0, 19.0, 21.0, 19.0, 0.0, 0.0, 0.0, 254.0]

seq: 149
secs: 1768905920
nsecs: 972494363
position: [88.0, 231.0, 17.0, 19.0, 21.0, 19.0, 0.0, 0.0, 0.0, 254.0]

seq: 150
secs: 1768905920
nsecs: 989222764
position: [88.0, 231.0, 17.0, 19.0, 21.0, 19.0, 0.0, 0.0, 0.0, 254.0]

seq: 151
secs: 1768905921
nsecs: 5995035
position: [88.0, 231.0, 17.0, 19.0, 21.0, 19.0, 0.0, 0.0, 0.0, 254.0]

seq: 152
secs: 1768905921
nsecs: 23007154
position: [88.0, 231.0, 17.0, 19.0, 21.0, 19.0, 0.0, 0.0, 0.0, 254.0]

seq: 153
secs: 1768905921
nsecs: 39862871
position: [88.0, 231.0, 17.0, 19.0, 21.0, 19.0, 0.0, 0.0, 0.0, 254.0]

seq: 154
secs: 1768905921
nsecs: 56798458
position: [88.0, 231.0, 17.0, 19.0, 21.0, 19.0, 0.0, 0.0, 0.0, 254.0]

seq: 155
secs: 1768905921
nsecs: 73649406
position: [88.0, 231.0, 17.0, 19.0, 21.0, 19.0, 0.0, 0.0, 0.0, 254.0]

seq: 156
secs: 1768905921
nsecs: 90558528
position: [88.0, 231.0, 17.0, 19.0, 21.0, 19.0, 0.0, 0.0, 0.0, 254.0]

seq: 157
secs: 1768905921
nsecs: 107489347
position: [88.0, 231.0, 17.0, 19.0, 21.0, 19.0, 0.0, 0.0, 0.0, 254.0]

seq: 158
secs: 1768905921
nsecs: 124291181
position: [88.0, 231.0, 17.0, 19.0, 21.0, 19.0, 0.0, 0.0, 0.0, 254.0]

seq: 159
secs: 1768905921
nsecs: 141112804
position: [88.0, 231.0, 17.0, 19.0, 21.0, 19.0, 0.0, 0.0, 0.0, 254.0]

seq: 160
secs: 1768905921
nsecs: 157929420
position: [88.0, 231.0, 17.0, 19.0, 21.0, 19.0, 0.0, 0.0, 0.0, 254.0]

seq: 161
secs: 1768905921
nsecs: 174779891
position: [88.0, 231.0, 17.0, 19.0, 21.0, 19.0, 0.0, 0.0, 0.0, 254.0]

seq: 162
secs: 1768905921
nsecs: 191780805
position: [88.0, 231.0, 17.0, 19.0, 21.0, 19.0, 0.0, 0.0, 0.0, 254.0]

seq: 163
secs: 1768905921
nsecs: 208643913
position: [88.0, 231.0, 17.0, 19.0, 21.0, 19.0, 0.0, 0.0, 0.0, 254.0]

seq: 164
secs: 1768905921
nsecs: 225521087
position: [88.0, 231.0, 17.0, 19.0, 21.0, 19.0, 0.0, 0.0, 0.0, 254.0]

seq: 165
secs: 1768905921
nsecs: 242560863
position: [88.0, 231.0, 17.0, 19.0, 21.0, 19.0, 0.0, 0.0, 0.0, 254.0]

seq: 166
secs: 1768905921
nsecs: 259478092
position: [88.0, 231.0, 17.0, 19.0, 21.0, 19.0, 0.0, 0.0, 0.0, 254.0]

seq: 167
secs: 1768905921
nsecs: 276467561
position: [88.0, 231.0, 17.0, 19.0, 21.0, 19.0, 0.0, 0.0, 0.0, 254.0]

seq: 168
secs: 1768905921
nsecs: 293081998
position: [88.0, 231.0, 17.0, 19.0, 21.0, 19.0, 0.0, 0.0, 0.0, 254.0]

seq: 169
secs: 1768905921
nsecs: 309979915
position: [88.0, 231.0, 17.0, 19.0, 21.0, 19.0, 0.0, 0.0, 0.0, 254.0]

seq: 170
secs: 1768905921
nsecs: 326874732
position: [88.0, 231.0, 17.0, 19.0, 21.0, 19.0, 0.0, 0.0, 0.0, 254.0]

seq: 171
secs: 1768905921
nsecs: 343881845
position: [88.0, 231.0, 17.0, 19.0, 21.0, 19.0, 0.0, 0.0, 0.0, 254.0]

seq: 172
secs: 1768905921
nsecs: 360684394
position: [88.0, 231.0, 17.0, 19.0, 21.0, 19.0, 0.0, 0.0, 0.0, 254.0]

seq: 173
secs: 1768905921
nsecs: 377342224
position: [88.0, 231.0, 17.0, 19.0, 21.0, 19.0, 0.0, 0.0, 0.0, 254.0]

seq: 174
secs: 1768905921
nsecs: 394044160
position: [88.0, 231.0, 17.0, 19.0, 21.0, 19.0, 0.0, 0.0, 0.0, 254.0]

seq: 175
secs: 1768905921
nsecs: 410954236
position: [88.0, 231.0, 17.0, 19.0, 21.0, 19.0, 0.0, 0.0, 0.0, 254.0]

seq: 176
secs: 1768905921
nsecs: 427973747
position: [88.0, 231.0, 17.0, 19.0, 21.0, 19.0, 0.0, 0.0, 0.0, 254.0]

seq: 177
secs: 1768905921
nsecs: 444721698
position: [88.0, 231.0, 17.0, 19.0, 21.0, 19.0, 0.0, 0.0, 0.0, 254.0]

seq: 178
secs: 1768905921
nsecs: 461104154
position: [88.0, 231.0, 17.0, 19.0, 21.0, 19.0, 0.0, 0.0, 0.0, 254.0]

seq: 179
secs: 1768905921
nsecs: 477583408
position: [88.0, 231.0, 17.0, 19.0, 21.0, 19.0, 0.0, 0.0, 0.0, 254.0]

seq: 180
secs: 1768905921
nsecs: 494131088
position: [88.0, 231.0, 17.0, 19.0, 21.0, 19.0, 0.0, 0.0, 0.0, 254.0]

seq: 181
secs: 1768905921
nsecs: 510936737
position: [88.0, 231.0, 17.0, 19.0, 21.0, 19.0, 0.0, 0.0, 0.0, 254.0]

seq: 182
secs: 1768905921
nsecs: 527869701
position: [88.0, 231.0, 17.0, 19.0, 21.0, 19.0, 0.0, 0.0, 0.0, 254.0]

seq: 183
secs: 1768905921
nsecs: 544668197
position: [88.0, 231.0, 17.0, 19.0, 21.0, 19.0, 0.0, 0.0, 0.0, 254.0]

seq: 184
secs: 1768905921
nsecs: 561480998
position: [88.0, 231.0, 17.0, 19.0, 21.0, 19.0, 0.0, 0.0, 0.0, 254.0]

seq: 185
secs: 1768905921
nsecs: 578368425
position: [88.0, 231.0, 17.0, 19.0, 21.0, 19.0, 0.0, 0.0, 0.0, 254.0]

seq: 186
secs: 1768905921
nsecs: 595274925
position: [88.0, 231.0, 17.0, 19.0, 21.0, 19.0, 0.0, 0.0, 0.0, 254.0]

seq: 187
secs: 1768905921
nsecs: 612828254
position: [88.0, 231.0, 17.0, 19.0, 21.0, 19.0, 0.0, 0.0, 0.0, 254.0]

seq: 188
secs: 1768905921
nsecs: 629734039
position: [88.0, 231.0, 17.0, 19.0, 21.0, 19.0, 0.0, 0.0, 0.0, 254.0]

seq: 189
secs: 1768905921
nsecs: 646561622
position: [88.0, 231.0, 17.0, 19.0, 21.0, 19.0, 0.0, 0.0, 0.0, 254.0]

seq: 190
secs: 1768905921
nsecs: 663509607
position: [88.0, 231.0, 17.0, 19.0, 21.0, 19.0, 0.0, 0.0, 0.0, 254.0]

seq: 191
secs: 1768905921
nsecs: 680395126
position: [88.0, 231.0, 17.0, 19.0, 21.0, 19.0, 0.0, 0.0, 0.0, 254.0]

seq: 192
secs: 1768905921
nsecs: 697199583
position: [88.0, 231.0, 17.0, 19.0, 21.0, 19.0, 0.0, 0.0, 0.0, 254.0]

seq: 193
secs: 1768905921
nsecs: 714052677
position: [88.0, 231.0, 17.0, 19.0, 21.0, 19.0, 0.0, 0.0, 0.0, 254.0]

seq: 194
secs: 1768905921
nsecs: 731025695
position: [88.0, 231.0, 17.0, 19.0, 21.0, 19.0, 0.0, 0.0, 0.0, 254.0]

seq: 195
secs: 1768905921
nsecs: 747715473
position: [88.0, 231.0, 17.0, 19.0, 21.0, 19.0, 0.0, 0.0, 0.0, 254.0]

seq: 196
secs: 1768905921
nsecs: 764338731
position: [88.0, 231.0, 17.0, 19.0, 21.0, 19.0, 0.0, 0.0, 0.0, 254.0]

seq: 197
secs: 1768905921
nsecs: 781111955
position: [88.0, 231.0, 17.0, 19.0, 21.0, 19.0, 0.0, 0.0, 0.0, 254.0]

seq: 198
secs: 1768905921
nsecs: 797910690
position: [88.0, 231.0, 17.0, 19.0, 21.0, 19.0, 0.0, 0.0, 0.0, 254.0]

seq: 199
secs: 1768905921
nsecs: 814815521
position: [88.0, 231.0, 17.0, 19.0, 21.0, 19.0, 0.0, 0.0, 0.0, 254.0]

seq: 200
secs: 1768905921
nsecs: 831655025
position: [88.0, 231.0, 17.0, 19.0, 21.0, 19.0, 0.0, 0.0, 0.0, 254.0]

seq: 201
secs: 1768905921
nsecs: 848379135
position: [88.0, 231.0, 17.0, 19.0, 21.0, 19.0, 0.0, 0.0, 0.0, 254.0]

seq: 202
secs: 1768905921
nsecs: 865055561
position: [88.0, 231.0, 17.0, 19.0, 21.0, 19.0, 0.0, 0.0, 0.0, 254.0]

seq: 203
secs: 1768905921
nsecs: 881967067
position: [88.0, 231.0, 17.0, 19.0, 21.0, 19.0, 0.0, 0.0, 0.0, 254.0]

seq: 204
secs: 1768905921
nsecs: 898864984
position: [88.0, 231.0, 17.0, 19.0, 21.0, 19.0, 0.0, 0.0, 0.0, 254.0]

seq: 205
secs: 1768905921
nsecs: 915790796
position: [88.0, 231.0, 17.0, 19.0, 21.0, 19.0, 0.0, 0.0, 0.0, 254.0]

seq: 206
secs: 1768905921
nsecs: 932577848
position: [88.0, 231.0, 17.0, 19.0, 21.0, 19.0, 0.0, 0.0, 0.0, 254.0]

seq: 207
secs: 1768905921
nsecs: 949392080
position: [88.0, 231.0, 17.0, 19.0, 21.0, 19.0, 0.0, 0.0, 0.0, 254.0]

seq: 208
secs: 1768905921
nsecs: 966392755
position: [88.0, 231.0, 17.0, 19.0, 21.0, 19.0, 0.0, 0.0, 0.0, 254.0]

seq: 209
secs: 1768905921
nsecs: 983214616
position: [88.0, 231.0, 17.0, 19.0, 21.0, 19.0, 0.0, 0.0, 0.0, 254.0]

seq: 210
secs: 1768905922
nsecs: 145196
position: [88.0, 231.0, 17.0, 19.0, 21.0, 19.0, 0.0, 0.0, 0.0, 254.0]

seq: 211
secs: 1768905922
nsecs: 16707897
position: [88.0, 231.0, 17.0, 19.0, 21.0, 19.0, 0.0, 0.0, 0.0, 254.0]

seq: 212
secs: 1768905922
nsecs: 33308267
position: [88.0, 231.0, 17.0, 19.0, 21.0, 19.0, 0.0, 0.0, 0.0, 254.0]

seq: 213
secs: 1768905922
nsecs: 50050497
position: [88.0, 231.0, 17.0, 19.0, 21.0, 19.0, 0.0, 0.0, 0.0, 254.0]

seq: 214
secs: 1768905922
nsecs: 67111253
position: [88.0, 231.0, 17.0, 19.0, 21.0, 19.0, 0.0, 0.0, 0.0, 254.0]

seq: 215
secs: 1768905922
nsecs: 84047794
position: [88.0, 231.0, 17.0, 19.0, 21.0, 19.0, 0.0, 0.0, 0.0, 254.0]

seq: 216
secs: 1768905922
nsecs: 100972175
position: [88.0, 231.0, 17.0, 19.0, 21.0, 19.0, 0.0, 0.0, 0.0, 254.0]

seq: 217
secs: 1768905922
nsecs: 117812395
position: [88.0, 231.0, 17.0, 19.0, 21.0, 19.0, 0.0, 0.0, 0.0, 254.0]

seq: 218
secs: 1768905922
nsecs: 134745836
position: [88.0, 231.0, 17.0, 19.0, 21.0, 19.0, 0.0, 0.0, 0.0, 254.0]

seq: 219
secs: 1768905922
nsecs: 151658058
position: [88.0, 231.0, 17.0, 19.0, 21.0, 19.0, 0.0, 0.0, 0.0, 254.0]

seq: 220
secs: 1768905922
nsecs: 168593883
position: [88.0, 231.0, 17.0, 19.0, 21.0, 19.0, 0.0, 0.0, 0.0, 254.0]

seq: 221
secs: 1768905922
nsecs: 185530662
position: [88.0, 231.0, 17.0, 19.0, 21.0, 19.0, 0.0, 0.0, 0.0, 254.0]

seq: 222
secs: 1768905922
nsecs: 202464342
position: [88.0, 231.0, 17.0, 19.0, 21.0, 19.0, 0.0, 0.0, 0.0, 254.0]

seq: 223
secs: 1768905922
nsecs: 219369173
position: [88.0, 231.0, 17.0, 19.0, 21.0, 19.0, 0.0, 0.0, 0.0, 254.0]

seq: 224
secs: 1768905922
nsecs: 236299276
position: [88.0, 231.0, 17.0, 19.0, 21.0, 19.0, 0.0, 0.0, 0.0, 254.0]

seq: 225
secs: 1768905922
nsecs: 253098726
position: [88.0, 231.0, 17.0, 19.0, 21.0, 19.0, 0.0, 0.0, 0.0, 254.0]

seq: 226
secs: 1768905922
nsecs: 269715785
position: [88.0, 231.0, 17.0, 19.0, 21.0, 19.0, 0.0, 0.0, 0.0, 254.0]

seq: 227
secs: 1768905922
nsecs: 286623001
position: [88.0, 231.0, 17.0, 19.0, 21.0, 19.0, 0.0, 0.0, 0.0, 254.0]

seq: 228
secs: 1768905922
nsecs: 303456068
position: [88.0, 231.0, 17.0, 19.0, 21.0, 19.0, 0.0, 0.0, 0.0, 254.0]

seq: 229
secs: 1768905922
nsecs: 320204734
position: [88.0, 231.0, 17.0, 19.0, 21.0, 19.0, 0.0, 0.0, 0.0, 254.0]

seq: 230
secs: 1768905922
nsecs: 336946725
position: [88.0, 231.0, 17.0, 19.0, 21.0, 19.0, 0.0, 0.0, 0.0, 254.0]

seq: 231
secs: 1768905922
nsecs: 353756666
position: [88.0, 231.0, 17.0, 19.0, 21.0, 19.0, 0.0, 0.0, 0.0, 254.0]

seq: 232
secs: 1768905922
nsecs: 370568275
position: [88.0, 231.0, 17.0, 19.0, 21.0, 19.0, 0.0, 0.0, 0.0, 254.0]

seq: 233
secs: 1768905922
nsecs: 387255668
position: [88.0, 231.0, 17.0, 19.0, 21.0, 19.0, 0.0, 0.0, 0.0, 254.0]

seq: 234
secs: 1768905922
nsecs: 403903722
position: [88.0, 231.0, 17.0, 19.0, 21.0, 19.0, 0.0, 0.0, 0.0, 254.0]

seq: 235
secs: 1768905922
nsecs: 420689105
position: [88.0, 231.0, 17.0, 19.0, 21.0, 19.0, 0.0, 0.0, 0.0, 254.0]

seq: 236
secs: 1768905922
nsecs: 437504053
position: [88.0, 231.0, 17.0, 19.0, 21.0, 19.0, 0.0, 0.0, 0.0, 254.0]

seq: 237
secs: 1768905922
nsecs: 454295635
position: [88.0, 231.0, 17.0, 19.0, 21.0, 19.0, 0.0, 0.0, 0.0, 254.0]

seq: 238
secs: 1768905922
nsecs: 471151113
position: [88.0, 231.0, 17.0, 19.0, 21.0, 19.0, 0.0, 0.0, 0.0, 254.0]

seq: 239
secs: 1768905922
nsecs: 487630128
position: [88.0, 231.0, 17.0, 19.0, 21.0, 19.0, 0.0, 0.0, 0.0, 254.0]

seq: 240
secs: 1768905922
nsecs: 504083395
position: [88.0, 231.0, 17.0, 19.0, 21.0, 19.0, 0.0, 0.0, 0.0, 254.0]

seq: 241
secs: 1768905922
nsecs: 520553112
position: [88.0, 231.0, 17.0, 19.0, 21.0, 19.0, 0.0, 0.0, 0.0, 254.0]

seq: 242
secs: 1768905922
nsecs: 537005901
position: [88.0, 231.0, 17.0, 19.0, 21.0, 19.0, 0.0, 0.0, 0.0, 254.0]

seq: 243
secs: 1768905922
nsecs: 553798675
position: [88.0, 231.0, 17.0, 19.0, 21.0, 19.0, 0.0, 0.0, 0.0, 254.0]

seq: 244
secs: 1768905922
nsecs: 570591211
position: [88.0, 231.0, 17.0, 19.0, 21.0, 19.0, 0.0, 0.0, 0.0, 254.0]

seq: 245
secs: 1768905922
nsecs: 587481498
position: [88.0, 231.0, 17.0, 19.0, 21.0, 19.0, 0.0, 0.0, 0.0, 254.0]

seq: 246
secs: 1768905922
nsecs: 604136228
position: [88.0, 231.0, 17.0, 19.0, 21.0, 19.0, 0.0, 0.0, 0.0, 254.0]

seq: 247
secs: 1768905922
nsecs: 620886087
position: [88.0, 231.0, 17.0, 19.0, 21.0, 19.0, 0.0, 0.0, 0.0, 254.0]

seq: 248
secs: 1768905922
nsecs: 637559413
position: [88.0, 231.0, 17.0, 19.0, 21.0, 19.0, 0.0, 0.0, 0.0, 254.0]

seq: 249
secs: 1768905922
nsecs: 654317140
position: [88.0, 231.0, 17.0, 19.0, 21.0, 19.0, 0.0, 0.0, 0.0, 254.0]

seq: 250
secs: 1768905922
nsecs: 671073198
position: [88.0, 231.0, 17.0, 19.0, 21.0, 19.0, 0.0, 0.0, 0.0, 254.0]

seq: 251
secs: 1768905922
nsecs: 687836647
position: [88.0, 231.0, 17.0, 19.0, 21.0, 19.0, 0.0, 0.0, 0.0, 254.0]

seq: 252
secs: 1768905922
nsecs: 704652786
position: [88.0, 231.0, 17.0, 19.0, 21.0, 19.0, 0.0, 0.0, 0.0, 254.0]

seq: 253
secs: 1768905922
nsecs: 721347808
position: [88.0, 231.0, 17.0, 19.0, 21.0, 19.0, 0.0, 0.0, 0.0, 254.0]

seq: 254
secs: 1768905922
nsecs: 738060951
position: [88.0, 231.0, 17.0, 19.0, 21.0, 19.0, 0.0, 0.0, 0.0, 254.0]

seq: 255
secs: 1768905922
nsecs: 754723548
position: [88.0, 231.0, 17.0, 19.0, 21.0, 19.0, 0.0, 0.0, 0.0, 254.0]

seq: 256
secs: 1768905922
nsecs: 771363496
position: [88.0, 231.0, 17.0, 19.0, 21.0, 19.0, 0.0, 0.0, 0.0, 254.0]

seq: 257
secs: 1768905922
nsecs: 788115024
position: [88.0, 231.0, 17.0, 19.0, 21.0, 19.0, 0.0, 0.0, 0.0, 254.0]

seq: 258
secs: 1768905922
nsecs: 804744482
position: [88.0, 231.0, 17.0, 19.0, 21.0, 19.0, 0.0, 0.0, 0.0, 254.0]

seq: 259
secs: 1768905922
nsecs: 821397542
position: [88.0, 231.0, 17.0, 19.0, 21.0, 19.0, 0.0, 0.0, 0.0, 254.0]

seq: 260
secs: 1768905922
nsecs: 838128805
position: [88.0, 231.0, 17.0, 19.0, 21.0, 19.0, 0.0, 0.0, 0.0, 254.0]

seq: 261
secs: 1768905922
nsecs: 854941129
position: [88.0, 231.0, 17.0, 19.0, 21.0, 19.0, 0.0, 0.0, 0.0, 254.0]

seq: 262
secs: 1768905922
nsecs: 871681213
position: [88.0, 231.0, 17.0, 19.0, 21.0, 19.0, 0.0, 0.0, 0.0, 254.0]

seq: 263
secs: 1768905922
nsecs: 888467550
position: [88.0, 231.0, 17.0, 19.0, 21.0, 19.0, 0.0, 0.0, 0.0, 254.0]

seq: 264
secs: 1768905922
nsecs: 905293226
position: [88.0, 231.0, 17.0, 19.0, 21.0, 19.0, 0.0, 0.0, 0.0, 254.0]

seq: 265
secs: 1768905922
nsecs: 922094821
position: [88.0, 231.0, 17.0, 19.0, 21.0, 19.0, 0.0, 0.0, 0.0, 254.0]

seq: 266
secs: 1768905922
nsecs: 938880681
position: [88.0, 231.0, 17.0, 19.0, 21.0, 19.0, 0.0, 0.0, 0.0, 254.0]

seq: 267
secs: 1768905922
nsecs: 955787181
position: [88.0, 231.0, 17.0, 19.0, 21.0, 19.0, 0.0, 0.0, 0.0, 254.0]

seq: 268
secs: 1768905922
nsecs: 972524404
position: [88.0, 231.0, 17.0, 19.0, 21.0, 19.0, 0.0, 0.0, 0.0, 254.0]

seq: 269
secs: 1768905922
nsecs: 989153385
position: [88.0, 231.0, 17.0, 19.0, 21.0, 19.0, 0.0, 0.0, 0.0, 254.0]

seq: 270
secs: 1768905923
nsecs: 5940437
position: [88.0, 231.0, 17.0, 19.0, 21.0, 19.0, 0.0, 0.0, 0.0, 254.0]

seq: 271
secs: 1768905923
nsecs: 22808313
position: [88.0, 231.0, 17.0, 19.0, 21.0, 19.0, 0.0, 0.0, 0.0, 254.0]

seq: 272
secs: 1768905923
nsecs: 39760351
position: [88.0, 231.0, 17.0, 19.0, 21.0, 19.0, 0.0, 0.0, 0.0, 254.0]

seq: 273
secs: 1768905923
nsecs: 56637525
position: [88.0, 231.0, 17.0, 19.0, 21.0, 19.0, 0.0, 0.0, 0.0, 254.0]

seq: 274
secs: 1768905923
nsecs: 73424339
position: [88.0, 231.0, 17.0, 19.0, 21.0, 19.0, 0.0, 0.0, 0.0, 254.0]

seq: 275
secs: 1768905923
nsecs: 90236425
position: [88.0, 231.0, 17.0, 19.0, 21.0, 19.0, 0.0, 0.0, 0.0, 254.0]

seq: 276
secs: 1768905923
nsecs: 106863975
position: [88.0, 231.0, 17.0, 19.0, 21.0, 19.0, 0.0, 0.0, 0.0, 254.0]

seq: 277
secs: 1768905923
nsecs: 123684644
position: [88.0, 231.0, 17.0, 19.0, 21.0, 19.0, 0.0, 0.0, 0.0, 254.0]

seq: 278
secs: 1768905923
nsecs: 140471696
position: [88.0, 231.0, 17.0, 19.0, 21.0, 19.0, 0.0, 0.0, 0.0, 254.0]

seq: 279
secs: 1768905923
nsecs: 157284975
position: [88.0, 231.0, 17.0, 19.0, 21.0, 19.0, 0.0, 0.0, 0.0, 254.0]

seq: 280
secs: 1768905923
nsecs: 174032449
position: [88.0, 231.0, 17.0, 19.0, 21.0, 19.0, 0.0, 0.0, 0.0, 254.0]

seq: 281
secs: 1768905923
nsecs: 190805673
position: [88.0, 231.0, 17.0, 19.0, 21.0, 19.0, 0.0, 0.0, 0.0, 254.0]

seq: 282
secs: 1768905923
nsecs: 207777976
position: [88.0, 231.0, 17.0, 19.0, 21.0, 19.0, 0.0, 0.0, 0.0, 254.0]

seq: 283
secs: 1768905923
nsecs: 224666595
position: [88.0, 231.0, 17.0, 19.0, 21.0, 19.0, 0.0, 0.0, 0.0, 254.0]

seq: 284
secs: 1768905923
nsecs: 241539239
position: [88.0, 231.0, 17.0, 19.0, 21.0, 19.0, 0.0, 0.0, 0.0, 254.0]

seq: 285
secs: 1768905923
nsecs: 258362054
position: [88.0, 231.0, 17.0, 19.0, 21.0, 19.0, 0.0, 0.0, 0.0, 254.0]

seq: 286
secs: 1768905923
nsecs: 275123119
position: [88.0, 231.0, 17.0, 19.0, 21.0, 19.0, 0.0, 0.0, 0.0, 254.0]

seq: 287
secs: 1768905923
nsecs: 291939020
position: [88.0, 231.0, 17.0, 19.0, 21.0, 19.0, 0.0, 0.0, 0.0, 254.0]

seq: 288
secs: 1768905923
nsecs: 308775186
position: [88.0, 231.0, 17.0, 19.0, 21.0, 19.0, 0.0, 0.0, 0.0, 254.0]

seq: 289
secs: 1768905923
nsecs: 325548648
position: [88.0, 231.0, 17.0, 19.0, 21.0, 19.0, 0.0, 0.0, 0.0, 254.0]

seq: 290
secs: 1768905923
nsecs: 342246055
position: [88.0, 231.0, 17.0, 19.0, 21.0, 19.0, 0.0, 0.0, 0.0, 254.0]

seq: 291
secs: 1768905923
nsecs: 358690977
position: [88.0, 231.0, 17.0, 19.0, 21.0, 19.0, 0.0, 0.0, 0.0, 254.0]

seq: 292
secs: 1768905923
nsecs: 375086545
position: [88.0, 231.0, 17.0, 19.0, 21.0, 19.0, 0.0, 0.0, 0.0, 254.0]

seq: 293
secs: 1768905923
nsecs: 391467332
position: [88.0, 231.0, 17.0, 19.0, 21.0, 19.0, 0.0, 0.0, 0.0, 254.0]

seq: 294
secs: 1768905923
nsecs: 408089399
position: [88.0, 231.0, 17.0, 19.0, 21.0, 19.0, 0.0, 0.0, 0.0, 254.0]

seq: 295
secs: 1768905923
nsecs: 425043821
position: [88.0, 231.0, 17.0, 19.0, 21.0, 19.0, 0.0, 0.0, 0.0, 254.0]

seq: 296
secs: 1768905923
nsecs: 441647768
position: [88.0, 231.0, 17.0, 19.0, 21.0, 19.0, 0.0, 0.0, 0.0, 254.0]

seq: 297
secs: 1768905923
nsecs: 458442687
position: [88.0, 231.0, 17.0, 19.0, 21.0, 19.0, 0.0, 0.0, 0.0, 254.0]

seq: 298
secs: 1768905923
nsecs: 475404024
position: [88.0, 231.0, 17.0, 19.0, 21.0, 19.0, 0.0, 0.0, 0.0, 254.0]

seq: 299
secs: 1768905923
nsecs: 492140769
position: [88.0, 231.0, 17.0, 19.0, 21.0, 19.0, 0.0, 0.0, 0.0, 254.0]

seq: 300
secs: 1768905923
nsecs: 508855342
position: [88.0, 231.0, 17.0, 19.0, 21.0, 19.0, 0.0, 0.0, 0.0, 254.0]

seq: 301
secs: 1768905923
nsecs: 525499582
position: [88.0, 231.0, 17.0, 19.0, 21.0, 19.0, 0.0, 0.0, 0.0, 254.0]

seq: 302
secs: 1768905923
nsecs: 541996002
position: [88.0, 231.0, 17.0, 19.0, 21.0, 19.0, 0.0, 0.0, 0.0, 254.0]

seq: 303
secs: 1768905923
nsecs: 558434486
position: [88.0, 231.0, 17.0, 19.0, 21.0, 19.0, 0.0, 0.0, 0.0, 254.0]

seq: 304
secs: 1768905923
nsecs: 575163125
position: [88.0, 231.0, 17.0, 19.0, 21.0, 19.0, 0.0, 0.0, 0.0, 254.0]

seq: 305
secs: 1768905923
nsecs: 592322111
position: [88.0, 231.0, 17.0, 19.0, 21.0, 19.0, 0.0, 0.0, 0.0, 254.0]

seq: 306
secs: 1768905923
nsecs: 609013319
position: [88.0, 231.0, 17.0, 19.0, 21.0, 19.0, 0.0, 0.0, 0.0, 254.0]

seq: 307
secs: 1768905923
nsecs: 625670433
position: [88.0, 231.0, 17.0, 19.0, 21.0, 19.0, 0.0, 0.0, 0.0, 254.0]

seq: 308
secs: 1768905923
nsecs: 642577409
position: [88.0, 231.0, 17.0, 19.0, 21.0, 19.0, 0.0, 0.0, 0.0, 254.0]

seq: 309
secs: 1768905923
nsecs: 659445762
position: [88.0, 231.0, 17.0, 19.0, 21.0, 19.0, 0.0, 0.0, 0.0, 254.0]

seq: 310
secs: 1768905923
nsecs: 676076889
position: [88.0, 231.0, 17.0, 19.0, 21.0, 19.0, 0.0, 0.0, 0.0, 254.0]

seq: 311
secs: 1768905923
nsecs: 692784786
position: [88.0, 231.0, 17.0, 19.0, 21.0, 19.0, 0.0, 0.0, 0.0, 254.0]

seq: 312
secs: 1768905923
nsecs: 709504365
position: [88.0, 231.0, 17.0, 19.0, 21.0, 19.0, 0.0, 0.0, 0.0, 254.0]

seq: 313
secs: 1768905923
nsecs: 726234197
position: [88.0, 231.0, 17.0, 19.0, 21.0, 19.0, 0.0, 0.0, 0.0, 254.0]

seq: 314
secs: 1768905923
nsecs: 743059873
position: [88.0, 231.0, 17.0, 19.0, 21.0, 19.0, 0.0, 0.0, 0.0, 254.0]

seq: 315
secs: 1768905923
nsecs: 759822368
position: [88.0, 231.0, 17.0, 19.0, 21.0, 19.0, 0.0, 0.0, 0.0, 254.0]

seq: 316
secs: 1768905923
nsecs: 776496171
position: [88.0, 231.0, 17.0, 19.0, 21.0, 19.0, 0.0, 0.0, 0.0, 254.0]

seq: 317
secs: 1768905923
nsecs: 793044328
position: [88.0, 231.0, 17.0, 19.0, 21.0, 19.0, 0.0, 0.0, 0.0, 254.0]

seq: 318
secs: 1768905923
nsecs: 809942245
position: [88.0, 231.0, 17.0, 19.0, 21.0, 19.0, 0.0, 0.0, 0.0, 254.0]

seq: 319
secs: 1768905923
nsecs: 826779127
position: [88.0, 231.0, 17.0, 19.0, 21.0, 19.0, 0.0, 0.0, 0.0, 254.0]

seq: 320
secs: 1768905923
nsecs: 843449831
position: [88.0, 231.0, 17.0, 19.0, 21.0, 19.0, 0.0, 0.0, 0.0, 254.0]

seq: 321
secs: 1768905923
nsecs: 860182523
position: [88.0, 231.0, 17.0, 19.0, 21.0, 19.0, 0.0, 0.0, 0.0, 254.0]

seq: 322
secs: 1768905923
nsecs: 876983880
position: [88.0, 231.0, 17.0, 19.0, 21.0, 19.0, 0.0, 0.0, 0.0, 254.0]

seq: 323
secs: 1768905923
nsecs: 893780469
position: [88.0, 231.0, 17.0, 19.0, 21.0, 19.0, 0.0, 0.0, 0.0, 254.0]

seq: 324
secs: 1768905923
nsecs: 910631656
position: [88.0, 231.0, 17.0, 19.0, 21.0, 19.0, 0.0, 0.0, 0.0, 254.0]

seq: 325
secs: 1768905923
nsecs: 927501916
position: [88.0, 231.0, 17.0, 19.0, 21.0, 19.0, 0.0, 0.0, 0.0, 254.0]

seq: 326
secs: 1768905923
nsecs: 944243669
position: [88.0, 231.0, 17.0, 19.0, 21.0, 19.0, 0.0, 0.0, 0.0, 254.0]

seq: 327
secs: 1768905923
nsecs: 960982084
position: [88.0, 231.0, 17.0, 19.0, 21.0, 19.0, 0.0, 0.0, 0.0, 254.0]

seq: 328
secs: 1768905923
nsecs: 977740287
position: [88.0, 231.0, 17.0, 19.0, 21.0, 19.0, 0.0, 0.0, 0.0, 254.0]

seq: 329
secs: 1768905923
nsecs: 994668483
position: [88.0, 231.0, 17.0, 19.0, 21.0, 19.0, 0.0, 0.0, 0.0, 254.0]

seq: 330
secs: 1768905924
nsecs: 11577129
position: [88.0, 231.0, 17.0, 19.0, 21.0, 19.0, 0.0, 0.0, 0.0, 254.0]

seq: 331
secs: 1768905924
nsecs: 28443813
position: [88.0, 231.0, 17.0, 19.0, 21.0, 19.0, 0.0, 0.0, 0.0, 254.0]

seq: 332
secs: 1768905924
nsecs: 45351982
position: [88.0, 231.0, 17.0, 19.0, 21.0, 19.0, 0.0, 0.0, 0.0, 254.0]

seq: 333
secs: 1768905924
nsecs: 62032461
position: [88.0, 231.0, 17.0, 19.0, 21.0, 19.0, 0.0, 0.0, 0.0, 254.0]

seq: 334
secs: 1768905924
nsecs: 78994750
position: [88.0, 231.0, 17.0, 19.0, 21.0, 19.0, 0.0, 0.0, 0.0, 254.0]

seq: 335
secs: 1768905924
nsecs: 95996618
position: [88.0, 231.0, 17.0, 19.0, 21.0, 19.0, 0.0, 0.0, 0.0, 254.0]

seq: 336
secs: 1768905924
nsecs: 112889528
position: [88.0, 231.0, 17.0, 19.0, 21.0, 19.0, 0.0, 0.0, 0.0, 254.0]

seq: 337
secs: 1768905924
nsecs: 129613637
position: [88.0, 231.0, 17.0, 19.0, 21.0, 19.0, 0.0, 0.0, 0.0, 254.0]

seq: 338
secs: 1768905924
nsecs: 146668434
position: [88.0, 231.0, 17.0, 19.0, 21.0, 19.0, 0.0, 0.0, 0.0, 254.0]

seq: 339
secs: 1768905924
nsecs: 163774490
position: [88.0, 231.0, 17.0, 19.0, 21.0, 19.0, 0.0, 0.0, 0.0, 254.0]

seq: 340
secs: 1768905924
nsecs: 180819749
position: [88.0, 231.0, 17.0, 19.0, 21.0, 19.0, 0.0, 0.0, 0.0, 254.0]

seq: 341
secs: 1768905924
nsecs: 198058128
position: [88.0, 231.0, 17.0, 19.0, 21.0, 19.0, 0.0, 0.0, 0.0, 254.0]

seq: 342
secs: 1768905924
nsecs: 214807987
position: [88.0, 231.0, 17.0, 19.0, 21.0, 19.0, 0.0, 0.0, 0.0, 254.0]

seq: 343
secs: 1768905924
nsecs: 231678724
position: [88.0, 231.0, 17.0, 19.0, 21.0, 19.0, 0.0, 0.0, 0.0, 254.0]

seq: 344
secs: 1768905924
nsecs: 248584508
position: [88.0, 231.0, 17.0, 19.0, 21.0, 19.0, 0.0, 0.0, 0.0, 254.0]

seq: 345
secs: 1768905924
nsecs: 265571594
position: [88.0, 231.0, 17.0, 19.0, 21.0, 19.0, 0.0, 0.0, 0.0, 254.0]

seq: 346
secs: 1768905924
nsecs: 282233238
position: [88.0, 231.0, 17.0, 19.0, 21.0, 19.0, 0.0, 0.0, 0.0, 254.0]

seq: 347
secs: 1768905924
nsecs: 299297809
position: [88.0, 231.0, 17.0, 19.0, 21.0, 19.0, 0.0, 0.0, 0.0, 254.0]

seq: 348
secs: 1768905924
nsecs: 316122531
position: [88.0, 231.0, 17.0, 19.0, 21.0, 19.0, 0.0, 0.0, 0.0, 254.0]

seq: 349
secs: 1768905924
nsecs: 332802772
position: [88.0, 231.0, 17.0, 19.0, 21.0, 19.0, 0.0, 0.0, 0.0, 254.0]

seq: 350
secs: 1768905924
nsecs: 349563121
position: [88.0, 231.0, 17.0, 19.0, 21.0, 19.0, 0.0, 0.0, 0.0, 254.0]

seq: 351
secs: 1768905924
nsecs: 366445064
position: [88.0, 231.0, 17.0, 19.0, 21.0, 19.0, 0.0, 0.0, 0.0, 254.0]

seq: 352
secs: 1768905924
nsecs: 383532047
position: [88.0, 231.0, 17.0, 19.0, 21.0, 19.0, 0.0, 0.0, 0.0, 254.0]

seq: 353
secs: 1768905924
nsecs: 400502681
position: [88.0, 231.0, 17.0, 19.0, 21.0, 19.0, 0.0, 0.0, 0.0, 254.0]

seq: 354
secs: 1768905924
nsecs: 417284965
position: [88.0, 231.0, 17.0, 19.0, 21.0, 19.0, 0.0, 0.0, 0.0, 254.0]

seq: 355
secs: 1768905924
nsecs: 433998107
position: [88.0, 231.0, 17.0, 19.0, 21.0, 19.0, 0.0, 0.0, 0.0, 254.0]

seq: 356
secs: 1768905924
nsecs: 450895547
position: [88.0, 231.0, 17.0, 19.0, 21.0, 19.0, 0.0, 0.0, 0.0, 254.0]

seq: 357
secs: 1768905924
nsecs: 467718124
position: [88.0, 231.0, 17.0, 19.0, 21.0, 19.0, 0.0, 0.0, 0.0, 254.0]

seq: 358
secs: 1768905924
nsecs: 484370946
position: [88.0, 231.0, 17.0, 19.0, 21.0, 19.0, 0.0, 0.0, 0.0, 254.0]

seq: 359
secs: 1768905924
nsecs: 501205444
position: [88.0, 231.0, 17.0, 19.0, 21.0, 19.0, 0.0, 0.0, 0.0, 254.0]

seq: 360
secs: 1768905924
nsecs: 517915725
position: [88.0, 231.0, 17.0, 19.0, 21.0, 19.0, 0.0, 0.0, 0.0, 254.0]

seq: 361
secs: 1768905924
nsecs: 534833908
position: [88.0, 231.0, 17.0, 19.0, 21.0, 19.0, 0.0, 0.0, 0.0, 254.0]

seq: 362
secs: 1768905924
nsecs: 551630735
position: [88.0, 231.0, 17.0, 19.0, 21.0, 19.0, 0.0, 0.0, 0.0, 254.0]

seq: 363
secs: 1768905924
nsecs: 568220138
position: [88.0, 231.0, 17.0, 19.0, 21.0, 19.0, 0.0, 0.0, 0.0, 254.0]

seq: 364
secs: 1768905924
nsecs: 584594726
position: [88.0, 231.0, 17.0, 19.0, 21.0, 19.0, 0.0, 0.0, 0.0, 254.0]

seq: 365
secs: 1768905924
nsecs: 600979566
position: [88.0, 231.0, 17.0, 19.0, 21.0, 19.0, 0.0, 0.0, 0.0, 254.0]

seq: 366
secs: 1768905924
nsecs: 617534875
position: [88.0, 231.0, 17.0, 19.0, 21.0, 19.0, 0.0, 0.0, 0.0, 254.0]

seq: 367
secs: 1768905924
nsecs: 634383440
position: [88.0, 231.0, 17.0, 19.0, 21.0, 19.0, 0.0, 0.0, 0.0, 254.0]

seq: 368
secs: 1768905924
nsecs: 651202917
position: [88.0, 231.0, 17.0, 19.0, 21.0, 19.0, 0.0, 0.0, 0.0, 254.0]

seq: 369
secs: 1768905924
nsecs: 667940616
position: [88.0, 231.0, 17.0, 19.0, 21.0, 19.0, 0.0, 0.0, 0.0, 254.0]

seq: 370
secs: 1768905924
nsecs: 684565782
position: [88.0, 231.0, 17.0, 19.0, 21.0, 19.0, 0.0, 0.0, 0.0, 254.0]

seq: 371
secs: 1768905924
nsecs: 701406478
position: [88.0, 231.0, 17.0, 19.0, 21.0, 19.0, 0.0, 0.0, 0.0, 254.0]

seq: 372
secs: 1768905924
nsecs: 718073129
position: [88.0, 231.0, 17.0, 19.0, 21.0, 19.0, 0.0, 0.0, 0.0, 254.0]

seq: 373
secs: 1768905924
nsecs: 734894037
position: [88.0, 231.0, 17.0, 19.0, 21.0, 19.0, 0.0, 0.0, 0.0, 254.0]

seq: 374
secs: 1768905924
nsecs: 751672267
position: [88.0, 231.0, 17.0, 19.0, 21.0, 19.0, 0.0, 0.0, 0.0, 254.0]

seq: 375
secs: 1768905924
nsecs: 768571853
position: [88.0, 231.0, 17.0, 19.0, 21.0, 19.0, 0.0, 0.0, 0.0, 254.0]

seq: 376
secs: 1768905924
nsecs: 785320997
position: [88.0, 231.0, 17.0, 19.0, 21.0, 19.0, 0.0, 0.0, 0.0, 254.0]

seq: 377
secs: 1768905924
nsecs: 802064895
position: [88.0, 231.0, 17.0, 19.0, 21.0, 19.0, 0.0, 0.0, 0.0, 254.0]

seq: 378
secs: 1768905924
nsecs: 818818569
position: [88.0, 231.0, 17.0, 19.0, 21.0, 19.0, 0.0, 0.0, 0.0, 254.0]

seq: 379
secs: 1768905924
nsecs: 835628032
position: [88.0, 231.0, 17.0, 19.0, 21.0, 19.0, 0.0, 0.0, 0.0, 254.0]

seq: 380
secs: 1768905924
nsecs: 852291345
position: [88.0, 231.0, 17.0, 19.0, 21.0, 19.0, 0.0, 0.0, 0.0, 254.0]

seq: 381
secs: 1768905924
nsecs: 869024038
position: [88.0, 231.0, 17.0, 19.0, 21.0, 19.0, 0.0, 0.0, 0.0, 254.0]

seq: 382
secs: 1768905924
nsecs: 885891914
position: [88.0, 231.0, 17.0, 19.0, 21.0, 19.0, 0.0, 0.0, 0.0, 254.0]

seq: 383
secs: 1768905924
nsecs: 902565479
position: [88.0, 231.0, 17.0, 19.0, 21.0, 19.0, 0.0, 0.0, 0.0, 254.0]

seq: 384
secs: 1768905924
nsecs: 919335365
position: [88.0, 231.0, 17.0, 19.0, 21.0, 19.0, 0.0, 0.0, 0.0, 254.0]

seq: 385
secs: 1768905924
nsecs: 936020374
position: [88.0, 231.0, 17.0, 19.0, 21.0, 19.0, 0.0, 0.0, 0.0, 254.0]

seq: 386
secs: 1768905924
nsecs: 953176498
position: [88.0, 231.0, 17.0, 19.0, 21.0, 19.0, 0.0, 0.0, 0.0, 254.0]

seq: 387
secs: 1768905924
nsecs: 969856977
position: [88.0, 231.0, 17.0, 19.0, 21.0, 19.0, 0.0, 0.0, 0.0, 254.0]

seq: 388
secs: 1768905924
nsecs: 986522674
position: [88.0, 231.0, 17.0, 19.0, 21.0, 19.0, 0.0, 0.0, 0.0, 254.0]

seq: 389
secs: 1768905925
nsecs: 3543138
position: [88.0, 231.0, 17.0, 19.0, 21.0, 19.0, 0.0, 0.0, 0.0, 254.0]

seq: 390
secs: 1768905925
nsecs: 20999431
position: [88.0, 231.0, 17.0, 19.0, 21.0, 19.0, 0.0, 0.0, 0.0, 254.0]

seq: 391
secs: 1768905925
nsecs: 37743330
position: [88.0, 231.0, 17.0, 19.0, 21.0, 19.0, 0.0, 0.0, 0.0, 254.0]

seq: 392
secs: 1768905925
nsecs: 54603338
position: [88.0, 231.0, 17.0, 19.0, 21.0, 19.0, 0.0, 0.0, 0.0, 254.0]

seq: 393
secs: 1768905925
nsecs: 71409463
position: [88.0, 231.0, 17.0, 19.0, 21.0, 19.0, 0.0, 0.0, 0.0, 254.0]

seq: 394
secs: 1768905925
nsecs: 88205814
position: [88.0, 231.0, 17.0, 19.0, 21.0, 19.0, 0.0, 0.0, 0.0, 254.0]

seq: 395
secs: 1768905925
nsecs: 104976415
position: [88.0, 231.0, 17.0, 19.0, 21.0, 19.0, 0.0, 0.0, 0.0, 254.0]

seq: 396
secs: 1768905925
nsecs: 121777772
position: [88.0, 231.0, 17.0, 19.0, 21.0, 19.0, 0.0, 0.0, 0.0, 254.0]

seq: 397
secs: 1768905925
nsecs: 138702630
position: [88.0, 231.0, 17.0, 19.0, 21.0, 19.0, 0.0, 0.0, 0.0, 254.0]

seq: 398
secs: 1768905925
nsecs: 155650377
position: [88.0, 231.0, 17.0, 19.0, 21.0, 19.0, 0.0, 0.0, 0.0, 254.0]

seq: 399
secs: 1768905925
nsecs: 172527074
position: [88.0, 231.0, 17.0, 19.0, 21.0, 19.0, 0.0, 0.0, 0.0, 254.0]

seq: 400
secs: 1768905925
nsecs: 189466476
position: [88.0, 231.0, 17.0, 19.0, 21.0, 19.0, 0.0, 0.0, 0.0, 254.0]

seq: 401
secs: 1768905925
nsecs: 206384897
position: [88.0, 231.0, 17.0, 19.0, 21.0, 19.0, 0.0, 0.0, 0.0, 254.0]

seq: 402
secs: 1768905925
nsecs: 223318338
position: [88.0, 231.0, 17.0, 19.0, 21.0, 19.0, 0.0, 0.0, 0.0, 254.0]

seq: 403
secs: 1768905925
nsecs: 240265846
position: [88.0, 231.0, 17.0, 19.0, 21.0, 19.0, 0.0, 0.0, 0.0, 254.0]

seq: 404
secs: 1768905925
nsecs: 257059335
position: [88.0, 231.0, 17.0, 19.0, 21.0, 19.0, 0.0, 0.0, 0.0, 254.0]

seq: 405
secs: 1768905925
nsecs: 273921728
position: [88.0, 231.0, 17.0, 19.0, 21.0, 19.0, 0.0, 0.0, 0.0, 254.0]

seq: 406
secs: 1768905925
nsecs: 290947914
position: [88.0, 231.0, 17.0, 19.0, 21.0, 19.0, 0.0, 0.0, 0.0, 254.0]

seq: 407
secs: 1768905925
nsecs: 307992935
position: [88.0, 231.0, 17.0, 19.0, 21.0, 19.0, 0.0, 0.0, 0.0, 254.0]

seq: 408
secs: 1768905925
nsecs: 324877262
position: [88.0, 231.0, 17.0, 19.0, 21.0, 19.0, 0.0, 0.0, 0.0, 254.0]

seq: 409
secs: 1768905925
nsecs: 341744184
position: [88.0, 231.0, 17.0, 19.0, 21.0, 19.0, 0.0, 0.0, 0.0, 254.0]

seq: 410
secs: 1768905925
nsecs: 358710765
position: [88.0, 231.0, 17.0, 19.0, 21.0, 19.0, 0.0, 0.0, 0.0, 254.0]

seq: 411
secs: 1768905925
nsecs: 375711679
position: [88.0, 231.0, 17.0, 19.0, 21.0, 19.0, 0.0, 0.0, 0.0, 254.0]

seq: 412
secs: 1768905925
nsecs: 392635107
position: [88.0, 231.0, 17.0, 19.0, 21.0, 19.0, 0.0, 0.0, 0.0, 254.0]

seq: 413
secs: 1768905925
nsecs: 409604072
position: [88.0, 231.0, 17.0, 19.0, 21.0, 19.0, 0.0, 0.0, 0.0, 254.0]

seq: 414
secs: 1768905925
nsecs: 426695346
position: [88.0, 231.0, 17.0, 19.0, 21.0, 19.0, 0.0, 0.0, 0.0, 254.0]

seq: 415
secs: 1768905925
nsecs: 443596124
position: [88.0, 231.0, 17.0, 19.0, 21.0, 19.0, 0.0, 0.0, 0.0, 254.0]

seq: 416
secs: 1768905925
nsecs: 460411310
position: [88.0, 231.0, 17.0, 19.0, 21.0, 19.0, 0.0, 0.0, 0.0, 254.0]

seq: 417
secs: 1768905925
nsecs: 477144002
position: [88.0, 231.0, 17.0, 19.0, 21.0, 19.0, 0.0, 0.0, 0.0, 254.0]

seq: 418
secs: 1768905925
nsecs: 493915796
position: [88.0, 231.0, 17.0, 19.0, 21.0, 19.0, 0.0, 0.0, 0.0, 254.0]

seq: 419
secs: 1768905925
nsecs: 510860681
position: [88.0, 231.0, 17.0, 19.0, 21.0, 19.0, 0.0, 0.0, 0.0, 254.0]

seq: 420
secs: 1768905925
nsecs: 527807950
position: [88.0, 231.0, 17.0, 19.0, 21.0, 19.0, 0.0, 0.0, 0.0, 254.0]

seq: 421
secs: 1768905925
nsecs: 544553518
position: [88.0, 231.0, 17.0, 19.0, 21.0, 19.0, 0.0, 0.0, 0.0, 254.0]

seq: 422
secs: 1768905925
nsecs: 561304807
position: [88.0, 231.0, 17.0, 19.0, 21.0, 19.0, 0.0, 0.0, 0.0, 254.0]

seq: 423
secs: 1768905925
nsecs: 578007221
position: [88.0, 231.0, 17.0, 19.0, 21.0, 19.0, 0.0, 0.0, 0.0, 254.0]

seq: 424
secs: 1768905925
nsecs: 594852924
position: [88.0, 231.0, 17.0, 19.0, 21.0, 19.0, 0.0, 0.0, 0.0, 254.0]

seq: 425
secs: 1768905925
nsecs: 611485481
position: [88.0, 231.0, 17.0, 19.0, 21.0, 19.0, 0.0, 0.0, 0.0, 254.0]

seq: 426
secs: 1768905925
nsecs: 627874612
position: [88.0, 231.0, 17.0, 19.0, 21.0, 19.0, 0.0, 0.0, 0.0, 254.0]

seq: 427
secs: 1768905925
nsecs: 644348144
position: [88.0, 231.0, 17.0, 19.0, 21.0, 19.0, 0.0, 0.0, 0.0, 254.0]

seq: 428
secs: 1768905925
nsecs: 660944223
position: [88.0, 231.0, 17.0, 19.0, 21.0, 19.0, 0.0, 0.0, 0.0, 254.0]

seq: 429
secs: 1768905925
nsecs: 677715539
position: [88.0, 231.0, 17.0, 19.0, 21.0, 19.0, 0.0, 0.0, 0.0, 254.0]

seq: 430
secs: 1768905925
nsecs: 694604396
position: [88.0, 231.0, 17.0, 19.0, 21.0, 19.0, 0.0, 0.0, 0.0, 254.0]

seq: 431
secs: 1768905925
nsecs: 711436033
position: [88.0, 231.0, 17.0, 19.0, 21.0, 19.0, 0.0, 0.0, 0.0, 254.0]

seq: 432
secs: 1768905925
nsecs: 728234767
position: [88.0, 231.0, 17.0, 19.0, 21.0, 19.0, 0.0, 0.0, 0.0, 254.0]

seq: 433
secs: 1768905925
nsecs: 745012044
position: [88.0, 231.0, 17.0, 19.0, 21.0, 19.0, 0.0, 0.0, 0.0, 254.0]

seq: 434
secs: 1768905925
nsecs: 761897802
position: [88.0, 231.0, 17.0, 19.0, 21.0, 19.0, 0.0, 0.0, 0.0, 254.0]

seq: 435
secs: 1768905925
nsecs: 778826236
position: [88.0, 231.0, 17.0, 19.0, 21.0, 19.0, 0.0, 0.0, 0.0, 254.0]

seq: 436
secs: 1768905925
nsecs: 796003341
position: [88.0, 231.0, 17.0, 19.0, 21.0, 19.0, 0.0, 0.0, 0.0, 254.0]

seq: 437
secs: 1768905925
nsecs: 812839269
position: [88.0, 231.0, 17.0, 19.0, 21.0, 19.0, 0.0, 0.0, 0.0, 254.0]

seq: 438
secs: 1768905925
nsecs: 829549074
position: [88.0, 231.0, 17.0, 19.0, 21.0, 19.0, 0.0, 0.0, 0.0, 254.0]

seq: 439
secs: 1768905925
nsecs: 846297740
position: [88.0, 231.0, 17.0, 19.0, 21.0, 19.0, 0.0, 0.0, 0.0, 254.0]

seq: 440
secs: 1768905925
nsecs: 863318443
position: [88.0, 231.0, 17.0, 19.0, 21.0, 19.0, 0.0, 0.0, 0.0, 254.0]

seq: 441
secs: 1768905925
nsecs: 880202770
position: [88.0, 231.0, 17.0, 19.0, 21.0, 19.0, 0.0, 0.0, 0.0, 254.0]

seq: 442
secs: 1768905925
nsecs: 897091627
position: [88.0, 231.0, 17.0, 19.0, 21.0, 19.0, 0.0, 0.0, 0.0, 254.0]

seq: 443
secs: 1768905925
nsecs: 914091587
position: [88.0, 231.0, 17.0, 19.0, 21.0, 19.0, 0.0, 0.0, 0.0, 254.0]

seq: 444
secs: 1768905925
nsecs: 930936098
position: [88.0, 231.0, 17.0, 19.0, 21.0, 19.0, 0.0, 0.0, 0.0, 254.0]

seq: 445
secs: 1768905925
nsecs: 947822570
position: [88.0, 231.0, 17.0, 19.0, 21.0, 19.0, 0.0, 0.0, 0.0, 254.0]

seq: 446
secs: 1768905925
nsecs: 964736461
position: [88.0, 231.0, 17.0, 19.0, 21.0, 19.0, 0.0, 0.0, 0.0, 254.0]

seq: 447
secs: 1768905925
nsecs: 981477737
position: [88.0, 231.0, 17.0, 19.0, 21.0, 19.0, 0.0, 0.0, 0.0, 254.0]

seq: 448
secs: 1768905925
nsecs: 998363971
position: [88.0, 231.0, 17.0, 19.0, 21.0, 19.0, 0.0, 0.0, 0.0, 254.0]

seq: 449
secs: 1768905926
nsecs: 15264987
position: [88.0, 231.0, 17.0, 19.0, 21.0, 19.0, 0.0, 0.0, 0.0, 254.0]

seq: 450
secs: 1768905926
nsecs: 32208204
position: [88.0, 231.0, 17.0, 19.0, 21.0, 19.0, 0.0, 0.0, 0.0, 254.0]

seq: 451
secs: 1768905926
nsecs: 49072980
position: [88.0, 231.0, 17.0, 19.0, 21.0, 19.0, 0.0, 0.0, 0.0, 254.0]

seq: 452
secs: 1768905926
nsecs: 65716505
position: [88.0, 231.0, 17.0, 19.0, 21.0, 19.0, 0.0, 0.0, 0.0, 254.0]

seq: 453
secs: 1768905926
nsecs: 82332849
position: [88.0, 231.0, 17.0, 19.0, 21.0, 19.0, 0.0, 0.0, 0.0, 254.0]

seq: 454
secs: 1768905926
nsecs: 99175214
position: [88.0, 231.0, 17.0, 19.0, 21.0, 19.0, 0.0, 0.0, 0.0, 254.0]

seq: 455
secs: 1768905926
nsecs: 116171598
position: [88.0, 231.0, 17.0, 19.0, 21.0, 19.0, 0.0, 0.0, 0.0, 254.0]

seq: 456
secs: 1768905926
nsecs: 133066177
position: [88.0, 231.0, 17.0, 19.0, 21.0, 19.0, 0.0, 0.0, 0.0, 254.0]

seq: 457
secs: 1768905926
nsecs: 149853944
position: [88.0, 231.0, 17.0, 19.0, 21.0, 19.0, 0.0, 0.0, 0.0, 254.0]

seq: 458
secs: 1768905926
nsecs: 166718959
position: [88.0, 231.0, 17.0, 19.0, 21.0, 19.0, 0.0, 0.0, 0.0, 254.0]

seq: 459
secs: 1768905926
nsecs: 183584213
position: [88.0, 231.0, 17.0, 19.0, 21.0, 19.0, 0.0, 0.0, 0.0, 254.0]

seq: 460
secs: 1768905926
nsecs: 200545787
position: [88.0, 231.0, 17.0, 19.0, 21.0, 19.0, 0.0, 0.0, 0.0, 254.0]

seq: 461
secs: 1768905926
nsecs: 217314958
position: [88.0, 231.0, 17.0, 19.0, 21.0, 19.0, 0.0, 0.0, 0.0, 254.0]

seq: 462
secs: 1768905926
nsecs: 234138965
position: [88.0, 231.0, 17.0, 19.0, 21.0, 19.0, 0.0, 0.0, 0.0, 254.0]

seq: 463
secs: 1768905926
nsecs: 250924587
position: [88.0, 231.0, 17.0, 19.0, 21.0, 19.0, 0.0, 0.0, 0.0, 254.0]

seq: 464
secs: 1768905926
nsecs: 267814874
position: [88.0, 231.0, 17.0, 19.0, 21.0, 19.0, 0.0, 0.0, 0.0, 254.0]

seq: 465
secs: 1768905926
nsecs: 284673213
position: [88.0, 231.0, 17.0, 19.0, 21.0, 19.0, 0.0, 0.0, 0.0, 254.0]

seq: 466
secs: 1768905926
nsecs: 301565170
position: [88.0, 231.0, 17.0, 19.0, 21.0, 19.0, 0.0, 0.0, 0.0, 254.0]

seq: 467
secs: 1768905926
nsecs: 318585395
position: [88.0, 231.0, 17.0, 19.0, 21.0, 19.0, 0.0, 0.0, 0.0, 254.0]

seq: 468
secs: 1768905926
nsecs: 335367918
position: [88.0, 231.0, 17.0, 19.0, 21.0, 19.0, 0.0, 0.0, 0.0, 254.0]

seq: 469
secs: 1768905926
nsecs: 352355003
position: [88.0, 231.0, 17.0, 19.0, 21.0, 19.0, 0.0, 0.0, 0.0, 254.0]

seq: 470
secs: 1768905926
nsecs: 368951797
position: [88.0, 231.0, 17.0, 19.0, 21.0, 19.0, 0.0, 0.0, 0.0, 254.0]

seq: 471
secs: 1768905926
nsecs: 385584354
position: [88.0, 231.0, 17.0, 19.0, 21.0, 19.0, 0.0, 0.0, 0.0, 254.0]

seq: 472
secs: 1768905926
nsecs: 402443408
position: [88.0, 231.0, 17.0, 19.0, 21.0, 19.0, 0.0, 0.0, 0.0, 254.0]

seq: 473
secs: 1768905926
nsecs: 419323682
position: [88.0, 231.0, 17.0, 19.0, 21.0, 19.0, 0.0, 0.0, 0.0, 254.0]

seq: 474
secs: 1768905926
nsecs: 436207294
position: [88.0, 231.0, 17.0, 19.0, 21.0, 19.0, 0.0, 0.0, 0.0, 254.0]

seq: 475
secs: 1768905926
nsecs: 453044891
position: [88.0, 231.0, 17.0, 19.0, 21.0, 19.0, 0.0, 0.0, 0.0, 254.0]

seq: 476
secs: 1768905926
nsecs: 470646619
position: [88.0, 231.0, 17.0, 19.0, 21.0, 19.0, 0.0, 0.0, 0.0, 254.0]

seq: 477
secs: 1768905926
nsecs: 487455844
position: [88.0, 231.0, 17.0, 19.0, 21.0, 19.0, 0.0, 0.0, 0.0, 254.0]

seq: 478
secs: 1768905926
nsecs: 504402637
position: [88.0, 231.0, 17.0, 19.0, 21.0, 19.0, 0.0, 0.0, 0.0, 254.0]

seq: 479
secs: 1768905926
nsecs: 521201848
position: [88.0, 231.0, 17.0, 19.0, 21.0, 19.0, 0.0, 0.0, 0.0, 254.0]

seq: 480
secs: 1768905926
nsecs: 538135051
position: [88.0, 231.0, 17.0, 19.0, 21.0, 19.0, 0.0, 0.0, 0.0, 254.0]

seq: 481
secs: 1768905926
nsecs: 555130720
position: [88.0, 231.0, 17.0, 19.0, 21.0, 19.0, 0.0, 0.0, 0.0, 254.0]

seq: 482
secs: 1768905926
nsecs: 572125911
position: [88.0, 231.0, 17.0, 19.0, 21.0, 19.0, 0.0, 0.0, 0.0, 254.0]

seq: 483
secs: 1768905926
nsecs: 588892459
position: [88.0, 231.0, 17.0, 19.0, 21.0, 19.0, 0.0, 0.0, 0.0, 254.0]

seq: 484
secs: 1768905926
nsecs: 605703830
position: [88.0, 231.0, 17.0, 19.0, 21.0, 19.0, 0.0, 0.0, 0.0, 254.0]

seq: 485
secs: 1768905926
nsecs: 622662305
position: [88.0, 231.0, 17.0, 19.0, 21.0, 19.0, 0.0, 0.0, 0.0, 254.0]

seq: 486
secs: 1768905926
nsecs: 639419555
position: [88.0, 231.0, 17.0, 19.0, 21.0, 19.0, 0.0, 0.0, 0.0, 254.0]

seq: 487
secs: 1768905926
nsecs: 655883789
position: [88.0, 231.0, 17.0, 19.0, 21.0, 19.0, 0.0, 0.0, 0.0, 254.0]

seq: 488
secs: 1768905926
nsecs: 672213792
position: [88.0, 231.0, 17.0, 19.0, 21.0, 19.0, 0.0, 0.0, 0.0, 254.0]

seq: 489
secs: 1768905926
nsecs: 688570022
position: [88.0, 231.0, 17.0, 19.0, 21.0, 19.0, 0.0, 0.0, 0.0, 254.0]

seq: 490
secs: 1768905926
nsecs: 705290079
position: [88.0, 231.0, 17.0, 19.0, 21.0, 19.0, 0.0, 0.0, 0.0, 254.0]

seq: 491
secs: 1768905926
nsecs: 722088336
position: [88.0, 231.0, 17.0, 19.0, 21.0, 19.0, 0.0, 0.0, 0.0, 254.0]

seq: 492
secs: 1768905926
nsecs: 738996982
position: [88.0, 231.0, 17.0, 19.0, 21.0, 19.0, 0.0, 0.0, 0.0, 254.0]

seq: 493
secs: 1768905926
nsecs: 755984067
position: [88.0, 231.0, 17.0, 19.0, 21.0, 19.0, 0.0, 0.0, 0.0, 254.0]

seq: 494
secs: 1768905926
nsecs: 772780656
position: [88.0, 231.0, 17.0, 19.0, 21.0, 19.0, 0.0, 0.0, 0.0, 254.0]

seq: 495
secs: 1768905926
nsecs: 789860010
position: [88.0, 231.0, 17.0, 19.0, 21.0, 19.0, 0.0, 0.0, 0.0, 254.0]

seq: 496
secs: 1768905926
nsecs: 806820392
position: [88.0, 231.0, 17.0, 19.0, 21.0, 19.0, 0.0, 0.0, 0.0, 254.0]

seq: 497
secs: 1768905926
nsecs: 823748350
position: [88.0, 231.0, 17.0, 19.0, 21.0, 19.0, 0.0, 0.0, 0.0, 254.0]

seq: 498
secs: 1768905926
nsecs: 840529441
position: [88.0, 231.0, 17.0, 19.0, 21.0, 19.0, 0.0, 0.0, 0.0, 254.0]

seq: 499
secs: 1768905926
nsecs: 856940507
position: [88.0, 231.0, 17.0, 19.0, 21.0, 19.0, 0.0, 0.0, 0.0, 254.0]

seq: 500
secs: 1768905926
nsecs: 873625755
position: [88.0, 231.0, 17.0, 19.0, 21.0, 19.0, 0.0, 0.0, 0.0, 254.0]

seq: 501
secs: 1768905926
nsecs: 890511512
position: [88.0, 231.0, 17.0, 19.0, 21.0, 19.0, 0.0, 0.0, 0.0, 254.0]

seq: 502
secs: 1768905926
nsecs: 907320737
position: [88.0, 231.0, 17.0, 19.0, 21.0, 19.0, 0.0, 0.0, 0.0, 254.0]

seq: 503
secs: 1768905926
nsecs: 924167394
position: [88.0, 231.0, 17.0, 19.0, 21.0, 19.0, 0.0, 0.0, 0.0, 254.0]

seq: 504
secs: 1768905926
nsecs: 940850257
position: [88.0, 231.0, 17.0, 19.0, 21.0, 19.0, 0.0, 0.0, 0.0, 254.0]

seq: 505
secs: 1768905926
nsecs: 957669973
position: [88.0, 231.0, 17.0, 19.0, 21.0, 19.0, 0.0, 0.0, 0.0, 254.0]

seq: 506
secs: 1768905926
nsecs: 974429368
position: [88.0, 231.0, 17.0, 19.0, 21.0, 19.0, 0.0, 0.0, 0.0, 254.0]

seq: 507
secs: 1768905926
nsecs: 991412162
position: [88.0, 231.0, 17.0, 19.0, 21.0, 19.0, 0.0, 0.0, 0.0, 254.0]

seq: 508
secs: 1768905927
nsecs: 8180379
position: [88.0, 231.0, 17.0, 19.0, 21.0, 19.0, 0.0, 0.0, 0.0, 254.0]

seq: 509
secs: 1768905927
nsecs: 24959325
position: [88.0, 231.0, 17.0, 19.0, 21.0, 19.0, 0.0, 0.0, 0.0, 254.0]

seq: 510
secs: 1768905927
nsecs: 41766643
position: [88.0, 231.0, 17.0, 19.0, 21.0, 19.0, 0.0, 0.0, 0.0, 254.0]

seq: 511
secs: 1768905927
nsecs: 58758497
position: [88.0, 231.0, 17.0, 19.0, 21.0, 19.0, 0.0, 0.0, 0.0, 254.0]

seq: 512
secs: 1768905927
nsecs: 75563430
position: [88.0, 231.0, 17.0, 19.0, 21.0, 19.0, 0.0, 0.0, 0.0, 254.0]

seq: 513
secs: 1768905927
nsecs: 92364311
position: [88.0, 231.0, 17.0, 19.0, 21.0, 19.0, 0.0, 0.0, 0.0, 254.0]

seq: 514
secs: 1768905927
nsecs: 109138011
position: [88.0, 231.0, 17.0, 19.0, 21.0, 19.0, 0.0, 0.0, 0.0, 254.0]

seq: 515
secs: 1768905927
nsecs: 125964879
position: [88.0, 231.0, 17.0, 19.0, 21.0, 19.0, 0.0, 0.0, 0.0, 254.0]

seq: 516
secs: 1768905927
nsecs: 142838954
position: [88.0, 231.0, 17.0, 19.0, 21.0, 19.0, 0.0, 0.0, 0.0, 254.0]

seq: 517
secs: 1768905927
nsecs: 159696102
position: [88.0, 231.0, 17.0, 19.0, 21.0, 19.0, 0.0, 0.0, 0.0, 254.0]

seq: 518
secs: 1768905927
nsecs: 176555633
position: [88.0, 231.0, 17.0, 19.0, 21.0, 19.0, 0.0, 0.0, 0.0, 254.0]

seq: 519
secs: 1768905927
nsecs: 193581819
position: [88.0, 231.0, 17.0, 19.0, 21.0, 19.0, 0.0, 0.0, 0.0, 254.0]

seq: 520
secs: 1768905927
nsecs: 210430860
position: [88.0, 231.0, 17.0, 19.0, 21.0, 19.0, 0.0, 0.0, 0.0, 254.0]

seq: 521
secs: 1768905927
nsecs: 227371454
position: [88.0, 231.0, 17.0, 19.0, 21.0, 19.0, 0.0, 0.0, 0.0, 254.0]

seq: 522
secs: 1768905927
nsecs: 244331359
position: [88.0, 231.0, 17.0, 19.0, 21.0, 19.0, 0.0, 0.0, 0.0, 254.0]

seq: 523
secs: 1768905927
nsecs: 261036872
position: [88.0, 231.0, 17.0, 19.0, 21.0, 19.0, 0.0, 0.0, 0.0, 254.0]

seq: 524
secs: 1768905927
nsecs: 277953386
position: [88.0, 231.0, 17.0, 19.0, 21.0, 19.0, 0.0, 0.0, 0.0, 254.0]

seq: 525
secs: 1768905927
nsecs: 294965505
position: [88.0, 231.0, 17.0, 19.0, 21.0, 19.0, 0.0, 0.0, 0.0, 254.0]

seq: 526
secs: 1768905927
nsecs: 311909914
position: [88.0, 231.0, 17.0, 19.0, 21.0, 19.0, 0.0, 0.0, 0.0, 254.0]

seq: 527
secs: 1768905927
nsecs: 328801393
position: [88.0, 231.0, 17.0, 19.0, 21.0, 19.0, 0.0, 0.0, 0.0, 254.0]

seq: 528
secs: 1768905927
nsecs: 345649719
position: [88.0, 231.0, 17.0, 19.0, 21.0, 19.0, 0.0, 0.0, 0.0, 254.0]

seq: 529
secs: 1768905927
nsecs: 362554311
position: [88.0, 231.0, 17.0, 19.0, 21.0, 19.0, 0.0, 0.0, 0.0, 254.0]

seq: 530
secs: 1768905927
nsecs: 379448175
position: [88.0, 231.0, 17.0, 19.0, 21.0, 19.0, 0.0, 0.0, 0.0, 254.0]

seq: 531
secs: 1768905927
nsecs: 396078824
position: [88.0, 231.0, 17.0, 19.0, 21.0, 19.0, 0.0, 0.0, 0.0, 254.0]

seq: 532
secs: 1768905927
nsecs: 412747383
position: [88.0, 231.0, 17.0, 19.0, 21.0, 19.0, 0.0, 0.0, 0.0, 254.0]

seq: 533
secs: 1768905927
nsecs: 429567813
position: [88.0, 231.0, 17.0, 19.0, 21.0, 19.0, 0.0, 0.0, 0.0, 254.0]

seq: 534
secs: 1768905927
nsecs: 446444511
position: [88.0, 231.0, 17.0, 19.0, 21.0, 19.0, 0.0, 0.0, 0.0, 254.0]

seq: 535
secs: 1768905927
nsecs: 463489294
position: [88.0, 231.0, 17.0, 19.0, 21.0, 19.0, 0.0, 0.0, 0.0, 254.0]

seq: 536
secs: 1768905927
nsecs: 480156421
position: [88.0, 231.0, 17.0, 19.0, 21.0, 19.0, 0.0, 0.0, 0.0, 254.0]

seq: 537
secs: 1768905927
nsecs: 496932506
position: [88.0, 231.0, 17.0, 19.0, 21.0, 19.0, 0.0, 0.0, 0.0, 254.0]

seq: 538
secs: 1768905927
nsecs: 513712644
position: [88.0, 231.0, 17.0, 19.0, 21.0, 19.0, 0.0, 0.0, 0.0, 254.0]

seq: 539
secs: 1768905927
nsecs: 530135869
position: [88.0, 231.0, 17.0, 19.0, 21.0, 19.0, 0.0, 0.0, 0.0, 254.0]

seq: 540
secs: 1768905927
nsecs: 546559572
position: [88.0, 231.0, 17.0, 19.0, 21.0, 19.0, 0.0, 0.0, 0.0, 254.0]

seq: 541
secs: 1768905927
nsecs: 562932729
position: [88.0, 231.0, 17.0, 19.0, 21.0, 19.0, 0.0, 0.0, 0.0, 254.0]

seq: 542
secs: 1768905927
nsecs: 579723596
position: [88.0, 231.0, 17.0, 19.0, 21.0, 19.0, 0.0, 0.0, 0.0, 254.0]

seq: 543
secs: 1768905927
nsecs: 596496582
position: [88.0, 231.0, 17.0, 19.0, 21.0, 19.0, 0.0, 0.0, 0.0, 254.0]

seq: 544
secs: 1768905927
nsecs: 613165616
position: [88.0, 231.0, 17.0, 19.0, 21.0, 19.0, 0.0, 0.0, 0.0, 254.0]

seq: 545
secs: 1768905927
nsecs: 629923582
position: [88.0, 231.0, 17.0, 19.0, 21.0, 19.0, 0.0, 0.0, 0.0, 254.0]

seq: 546
secs: 1768905927
nsecs: 646811485
position: [88.0, 231.0, 17.0, 19.0, 21.0, 19.0, 0.0, 0.0, 0.0, 254.0]

seq: 547
secs: 1768905927
nsecs: 663742542
position: [88.0, 231.0, 17.0, 19.0, 21.0, 19.0, 0.0, 0.0, 0.0, 254.0]

seq: 548
secs: 1768905927
nsecs: 680416345
position: [88.0, 231.0, 17.0, 19.0, 21.0, 19.0, 0.0, 0.0, 0.0, 254.0]

seq: 549
secs: 1768905927
nsecs: 696870803
position: [88.0, 231.0, 17.0, 19.0, 21.0, 19.0, 0.0, 0.0, 0.0, 254.0]

seq: 550
secs: 1768905927
nsecs: 713214397
position: [88.0, 231.0, 17.0, 19.0, 21.0, 19.0, 0.0, 0.0, 0.0, 254.0]

seq: 551
secs: 1768905927
nsecs: 729634523
position: [88.0, 231.0, 17.0, 19.0, 21.0, 19.0, 0.0, 0.0, 0.0, 254.0]

seq: 552
secs: 1768905927
nsecs: 746260643
position: [88.0, 231.0, 17.0, 19.0, 21.0, 19.0, 0.0, 0.0, 0.0, 254.0]

seq: 553
secs: 1768905927
nsecs: 763123035
position: [88.0, 231.0, 17.0, 19.0, 21.0, 19.0, 0.0, 0.0, 0.0, 254.0]

seq: 554
secs: 1768905927
nsecs: 779977560
position: [88.0, 231.0, 17.0, 19.0, 21.0, 19.0, 0.0, 0.0, 0.0, 254.0]

seq: 555
secs: 1768905927
nsecs: 796739101
position: [88.0, 231.0, 17.0, 19.0, 21.0, 19.0, 0.0, 0.0, 0.0, 254.0]

seq: 556
secs: 1768905927
nsecs: 813540458
position: [88.0, 231.0, 17.0, 19.0, 21.0, 19.0, 0.0, 0.0, 0.0, 254.0]

seq: 557
secs: 1768905927
nsecs: 830433130
position: [88.0, 231.0, 17.0, 19.0, 21.0, 19.0, 0.0, 0.0, 0.0, 254.0]

seq: 558
secs: 1768905927
nsecs: 847277164
position: [88.0, 231.0, 17.0, 19.0, 21.0, 19.0, 0.0, 0.0, 0.0, 254.0]

seq: 559
secs: 1768905927
nsecs: 864066839
position: [88.0, 231.0, 17.0, 19.0, 21.0, 19.0, 0.0, 0.0, 0.0, 254.0]

seq: 560
secs: 1768905927
nsecs: 880829334
position: [88.0, 231.0, 17.0, 19.0, 21.0, 19.0, 0.0, 0.0, 0.0, 254.0]

seq: 561
secs: 1768905927
nsecs: 897557735
position: [88.0, 231.0, 17.0, 19.0, 21.0, 19.0, 0.0, 0.0, 0.0, 254.0]

seq: 562
secs: 1768905927
nsecs: 914592504
position: [88.0, 231.0, 17.0, 19.0, 21.0, 19.0, 0.0, 0.0, 0.0, 254.0]

seq: 563
secs: 1768905927
nsecs: 931423425
position: [88.0, 231.0, 17.0, 19.0, 21.0, 19.0, 0.0, 0.0, 0.0, 254.0]

seq: 564
secs: 1768905927
nsecs: 948228120
position: [88.0, 231.0, 17.0, 19.0, 21.0, 19.0, 0.0, 0.0, 0.0, 254.0]

seq: 565
secs: 1768905927
nsecs: 964976787
position: [88.0, 231.0, 17.0, 19.0, 21.0, 19.0, 0.0, 0.0, 0.0, 254.0]

seq: 566
secs: 1768905927
nsecs: 981667280
position: [88.0, 231.0, 17.0, 19.0, 21.0, 19.0, 0.0, 0.0, 0.0, 254.0]

seq: 567
secs: 1768905927
nsecs: 998411417
position: [88.0, 231.0, 17.0, 19.0, 21.0, 19.0, 0.0, 0.0, 0.0, 254.0]

seq: 568
secs: 1768905928
nsecs: 15179157
position: [88.0, 231.0, 17.0, 19.0, 21.0, 19.0, 0.0, 0.0, 0.0, 254.0]

seq: 569
secs: 1768905928
nsecs: 32149791
position: [88.0, 231.0, 17.0, 19.0, 21.0, 19.0, 0.0, 0.0, 0.0, 254.0]

seq: 570
secs: 1768905928
nsecs: 49009561
position: [88.0, 231.0, 17.0, 19.0, 21.0, 19.0, 0.0, 0.0, 0.0, 254.0]

seq: 571
secs: 1768905928
nsecs: 65792322
position: [88.0, 231.0, 17.0, 19.0, 21.0, 19.0, 0.0, 0.0, 0.0, 254.0]

seq: 572
secs: 1768905928
nsecs: 82585096
position: [88.0, 231.0, 17.0, 19.0, 21.0, 19.0, 0.0, 0.0, 0.0, 254.0]

seq: 573
secs: 1768905928
nsecs: 99132776
position: [88.0, 231.0, 17.0, 19.0, 21.0, 19.0, 0.0, 0.0, 0.0, 254.0]

seq: 574
secs: 1768905928
nsecs: 116061925
position: [88.0, 231.0, 17.0, 19.0, 21.0, 19.0, 0.0, 0.0, 0.0, 254.0]

seq: 575
secs: 1768905928
nsecs: 132894039
position: [88.0, 231.0, 17.0, 19.0, 21.0, 19.0, 0.0, 0.0, 0.0, 254.0]

seq: 576
secs: 1768905928
nsecs: 149680137
position: [88.0, 231.0, 17.0, 19.0, 21.0, 19.0, 0.0, 0.0, 0.0, 254.0]

seq: 577
secs: 1768905928
nsecs: 166800975
position: [88.0, 231.0, 17.0, 19.0, 21.0, 19.0, 0.0, 0.0, 0.0, 254.0]

seq: 578
secs: 1768905928
nsecs: 183798789
position: [88.0, 231.0, 17.0, 19.0, 21.0, 19.0, 0.0, 0.0, 0.0, 254.0]

seq: 579
secs: 1768905928
nsecs: 200728893
position: [88.0, 231.0, 17.0, 19.0, 21.0, 19.0, 0.0, 0.0, 0.0, 254.0]

seq: 580
secs: 1768905928
nsecs: 217568159
position: [88.0, 231.0, 17.0, 19.0, 21.0, 19.0, 0.0, 0.0, 0.0, 254.0]

seq: 581
secs: 1768905928
nsecs: 234343051
position: [88.0, 231.0, 17.0, 19.0, 21.0, 19.0, 0.0, 0.0, 0.0, 254.0]

seq: 582
secs: 1768905928
nsecs: 251249074
position: [88.0, 231.0, 17.0, 19.0, 21.0, 19.0, 0.0, 0.0, 0.0, 254.0]

seq: 583
secs: 1768905928
nsecs: 268171072
position: [88.0, 231.0, 17.0, 19.0, 21.0, 19.0, 0.0, 0.0, 0.0, 254.0]

seq: 584
secs: 1768905928
nsecs: 285109996
position: [88.0, 231.0, 17.0, 19.0, 21.0, 19.0, 0.0, 0.0, 0.0, 254.0]

seq: 585
secs: 1768905928
nsecs: 302035570
position: [88.0, 231.0, 17.0, 19.0, 21.0, 19.0, 0.0, 0.0, 0.0, 254.0]

seq: 586
secs: 1768905928
nsecs: 318918943
position: [88.0, 231.0, 17.0, 19.0, 21.0, 19.0, 0.0, 0.0, 0.0, 254.0]

seq: 587
secs: 1768905928
nsecs: 335734844
position: [88.0, 231.0, 17.0, 19.0, 21.0, 19.0, 0.0, 0.0, 0.0, 254.0]

seq: 588
secs: 1768905928
nsecs: 352166175
position: [88.0, 231.0, 17.0, 19.0, 21.0, 19.0, 0.0, 0.0, 0.0, 254.0]

seq: 589
secs: 1768905928
nsecs: 368841171
position: [88.0, 231.0, 17.0, 19.0, 21.0, 19.0, 0.0, 0.0, 0.0, 254.0]

seq: 590
secs: 1768905928
nsecs: 385557651
position: [88.0, 231.0, 17.0, 19.0, 21.0, 19.0, 0.0, 0.0, 0.0, 254.0]

seq: 591
secs: 1768905928
nsecs: 402349233
position: [88.0, 231.0, 17.0, 19.0, 21.0, 19.0, 0.0, 0.0, 0.0, 254.0]

seq: 592
secs: 1768905928
nsecs: 419128179
position: [88.0, 231.0, 17.0, 19.0, 21.0, 19.0, 0.0, 0.0, 0.0, 254.0]

seq: 593
secs: 1768905928
nsecs: 436022758
position: [88.0, 231.0, 17.0, 19.0, 21.0, 19.0, 0.0, 0.0, 0.0, 254.0]

seq: 594
secs: 1768905928
nsecs: 452839136
position: [88.0, 231.0, 17.0, 19.0, 21.0, 19.0, 0.0, 0.0, 0.0, 254.0]

seq: 595
secs: 1768905928
nsecs: 469439506
position: [88.0, 231.0, 17.0, 19.0, 21.0, 19.0, 0.0, 0.0, 0.0, 254.0]

seq: 596
secs: 1768905928
nsecs: 486191987
position: [88.0, 231.0, 17.0, 19.0, 21.0, 19.0, 0.0, 0.0, 0.0, 254.0]

seq: 597
secs: 1768905928
nsecs: 502992391
position: [88.0, 231.0, 17.0, 19.0, 21.0, 19.0, 0.0, 0.0, 0.0, 254.0]

seq: 598
secs: 1768905928
nsecs: 519840717
position: [88.0, 231.0, 17.0, 19.0, 21.0, 19.0, 0.0, 0.0, 0.0, 254.0]

seq: 599
secs: 1768905928
nsecs: 536659717
position: [88.0, 231.0, 17.0, 19.0, 21.0, 19.0, 0.0, 0.0, 0.0, 254.0]

seq: 600
secs: 1768905928
nsecs: 553428411
position: [88.0, 231.0, 17.0, 19.0, 21.0, 19.0, 0.0, 0.0, 0.0, 254.0]

seq: 601
secs: 1768905928
nsecs: 570068597
position: [88.0, 231.0, 17.0, 19.0, 21.0, 19.0, 0.0, 0.0, 0.0, 254.0]

seq: 602
secs: 1768905928
nsecs: 586785554
position: [88.0, 231.0, 17.0, 19.0, 21.0, 19.0, 0.0, 0.0, 0.0, 254.0]

seq: 603
secs: 1768905928
nsecs: 603469371
position: [88.0, 231.0, 17.0, 19.0, 21.0, 19.0, 0.0, 0.0, 0.0, 254.0]

seq: 604
secs: 1768905928
nsecs: 619977712
position: [88.0, 231.0, 17.0, 19.0, 21.0, 19.0, 0.0, 0.0, 0.0, 254.0]

seq: 605
secs: 1768905928
nsecs: 636826038
position: [88.0, 231.0, 17.0, 19.0, 21.0, 19.0, 0.0, 0.0, 0.0, 254.0]

seq: 606
secs: 1768905928
nsecs: 653575420
position: [88.0, 231.0, 17.0, 19.0, 21.0, 19.0, 0.0, 0.0, 0.0, 254.0]

seq: 607
secs: 1768905928
nsecs: 670231103
position: [88.0, 231.0, 17.0, 19.0, 21.0, 19.0, 0.0, 0.0, 0.0, 254.0]

seq: 608
secs: 1768905928
nsecs: 687058925
position: [88.0, 231.0, 17.0, 19.0, 21.0, 19.0, 0.0, 0.0, 0.0, 254.0]

seq: 609
secs: 1768905928
nsecs: 703806877
position: [88.0, 231.0, 17.0, 19.0, 21.0, 19.0, 0.0, 0.0, 0.0, 254.0]

seq: 610
secs: 1768905928
nsecs: 720570325
position: [88.0, 231.0, 17.0, 19.0, 21.0, 19.0, 0.0, 0.0, 0.0, 254.0]

seq: 611
secs: 1768905928
nsecs: 737054347
position: [88.0, 231.0, 17.0, 19.0, 21.0, 19.0, 0.0, 0.0, 0.0, 254.0]

seq: 612
secs: 1768905928
nsecs: 753426313
position: [88.0, 231.0, 17.0, 19.0, 21.0, 19.0, 0.0, 0.0, 0.0, 254.0]

seq: 613
secs: 1768905928
nsecs: 769786119
position: [88.0, 231.0, 17.0, 19.0, 21.0, 19.0, 0.0, 0.0, 0.0, 254.0]

seq: 614
secs: 1768905928
nsecs: 786616563
position: [88.0, 231.0, 17.0, 19.0, 21.0, 19.0, 0.0, 0.0, 0.0, 254.0]

seq: 615
secs: 1768905928
nsecs: 803355932
position: [88.0, 231.0, 17.0, 19.0, 21.0, 19.0, 0.0, 0.0, 0.0, 254.0]

seq: 616
secs: 1768905928
nsecs: 819991111
position: [88.0, 231.0, 17.0, 19.0, 21.0, 19.0, 0.0, 0.0, 0.0, 254.0]

seq: 617
secs: 1768905928
nsecs: 836714506
position: [88.0, 231.0, 17.0, 19.0, 21.0, 19.0, 0.0, 0.0, 0.0, 254.0]

seq: 618
secs: 1768905928
nsecs: 853500604
position: [88.0, 231.0, 17.0, 19.0, 21.0, 19.0, 0.0, 0.0, 0.0, 254.0]

seq: 619
secs: 1768905928
nsecs: 870219945
position: [88.0, 231.0, 17.0, 19.0, 21.0, 19.0, 0.0, 0.0, 0.0, 254.0]

seq: 620
secs: 1768905928
nsecs: 886759757
position: [88.0, 231.0, 17.0, 19.0, 21.0, 19.0, 0.0, 0.0, 0.0, 254.0]

seq: 621
secs: 1768905928
nsecs: 903577089
position: [88.0, 231.0, 17.0, 19.0, 21.0, 19.0, 0.0, 0.0, 0.0, 254.0]

seq: 622
secs: 1768905928
nsecs: 920378446
position: [88.0, 231.0, 17.0, 19.0, 21.0, 19.0, 0.0, 0.0, 0.0, 254.0]

seq: 623
secs: 1768905928
nsecs: 936946630
position: [88.0, 231.0, 17.0, 19.0, 21.0, 19.0, 0.0, 0.0, 0.0, 254.0]

seq: 624
secs: 1768905928
nsecs: 953640460
position: [88.0, 231.0, 17.0, 19.0, 21.0, 19.0, 0.0, 0.0, 0.0, 254.0]

seq: 625
secs: 1768905928
nsecs: 970485925
position: [88.0, 231.0, 17.0, 19.0, 21.0, 19.0, 0.0, 0.0, 0.0, 254.0]

seq: 626
secs: 1768905928
nsecs: 987055778
position: [88.0, 231.0, 17.0, 19.0, 21.0, 19.0, 0.0, 0.0, 0.0, 254.0]

seq: 627
secs: 1768905929
nsecs: 3727197
position: [88.0, 231.0, 17.0, 19.0, 21.0, 19.0, 0.0, 0.0, 0.0, 254.0]

seq: 628
secs: 1768905929
nsecs: 20552396
position: [88.0, 231.0, 17.0, 19.0, 21.0, 19.0, 0.0, 0.0, 0.0, 254.0]

seq: 629
secs: 1768905929
nsecs: 37282228
position: [88.0, 231.0, 17.0, 19.0, 21.0, 19.0, 0.0, 0.0, 0.0, 254.0]

seq: 630
secs: 1768905929
nsecs: 53801536
position: [88.0, 231.0, 17.0, 19.0, 21.0, 19.0, 0.0, 0.0, 0.0, 254.0]

seq: 631
secs: 1768905929
nsecs: 70391654
position: [88.0, 231.0, 17.0, 19.0, 21.0, 19.0, 0.0, 0.0, 0.0, 254.0]

seq: 632
secs: 1768905929
nsecs: 87000608
position: [88.0, 231.0, 17.0, 19.0, 21.0, 19.0, 0.0, 0.0, 0.0, 254.0]

seq: 633
secs: 1768905929
nsecs: 103579759
position: [88.0, 231.0, 17.0, 19.0, 21.0, 19.0, 0.0, 0.0, 0.0, 254.0]

seq: 634
secs: 1768905929
nsecs: 120209217
position: [88.0, 231.0, 17.0, 19.0, 21.0, 19.0, 0.0, 0.0, 0.0, 254.0]

seq: 635
secs: 1768905929
nsecs: 136934995
position: [88.0, 231.0, 17.0, 19.0, 21.0, 19.0, 0.0, 0.0, 0.0, 254.0]

seq: 636
secs: 1768905929
nsecs: 153671979
position: [88.0, 231.0, 17.0, 19.0, 21.0, 19.0, 0.0, 0.0, 0.0, 254.0]

seq: 637
secs: 1768905929
nsecs: 170479774
position: [88.0, 231.0, 17.0, 19.0, 21.0, 19.0, 0.0, 0.0, 0.0, 254.0]

seq: 638
secs: 1768905929
nsecs: 187239885
position: [88.0, 231.0, 17.0, 19.0, 21.0, 19.0, 0.0, 0.0, 0.0, 254.0]

seq: 639
secs: 1768905929
nsecs: 204054117
position: [88.0, 231.0, 17.0, 19.0, 21.0, 19.0, 0.0, 0.0, 0.0, 254.0]

seq: 640
secs: 1768905929
nsecs: 220743417
position: [88.0, 231.0, 17.0, 19.0, 21.0, 19.0, 0.0, 0.0, 0.0, 254.0]

seq: 641
secs: 1768905929
nsecs: 237459897
position: [88.0, 231.0, 17.0, 19.0, 21.0, 19.0, 0.0, 0.0, 0.0, 254.0]

seq: 642
secs: 1768905929
nsecs: 254143714
position: [88.0, 231.0, 17.0, 19.0, 21.0, 19.0, 0.0, 0.0, 0.0, 254.0]

seq: 643
secs: 1768905929
nsecs: 270979642
position: [88.0, 231.0, 17.0, 19.0, 21.0, 19.0, 0.0, 0.0, 0.0, 254.0]

seq: 644
secs: 1768905929
nsecs: 287978410
position: [88.0, 231.0, 17.0, 19.0, 21.0, 19.0, 0.0, 0.0, 0.0, 254.0]

seq: 645
secs: 1768905929
nsecs: 304823637
position: [88.0, 231.0, 17.0, 19.0, 21.0, 19.0, 0.0, 0.0, 0.0, 254.0]

seq: 646
secs: 1768905929
nsecs: 321742534
position: [88.0, 231.0, 17.0, 19.0, 21.0, 19.0, 0.0, 0.0, 0.0, 254.0]

seq: 647
secs: 1768905929
nsecs: 338513851
position: [88.0, 231.0, 17.0, 19.0, 21.0, 19.0, 0.0, 0.0, 0.0, 254.0]

seq: 648
secs: 1768905929
nsecs: 355221748
position: [88.0, 231.0, 17.0, 19.0, 21.0, 19.0, 0.0, 0.0, 0.0, 254.0]

seq: 649
secs: 1768905929
nsecs: 372289419
position: [88.0, 231.0, 17.0, 19.0, 21.0, 19.0, 0.0, 0.0, 0.0, 254.0]

seq: 650
secs: 1768905929
nsecs: 389006137
position: [88.0, 231.0, 17.0, 19.0, 21.0, 19.0, 0.0, 0.0, 0.0, 254.0]

seq: 651
secs: 1768905929
nsecs: 405742883
position: [88.0, 231.0, 17.0, 19.0, 21.0, 19.0, 0.0, 0.0, 0.0, 254.0]

seq: 652
secs: 1768905929
nsecs: 422524690
position: [88.0, 231.0, 17.0, 19.0, 21.0, 19.0, 0.0, 0.0, 0.0, 254.0]

seq: 653
secs: 1768905929
nsecs: 439321279
position: [88.0, 231.0, 17.0, 19.0, 21.0, 19.0, 0.0, 0.0, 0.0, 254.0]

seq: 654
secs: 1768905929
nsecs: 456118106
position: [88.0, 231.0, 17.0, 19.0, 21.0, 19.0, 0.0, 0.0, 0.0, 254.0]

seq: 655
secs: 1768905929
nsecs: 472740173
position: [88.0, 231.0, 17.0, 19.0, 21.0, 19.0, 0.0, 0.0, 0.0, 254.0]

seq: 656
secs: 1768905929
nsecs: 489439249
position: [88.0, 231.0, 17.0, 19.0, 21.0, 19.0, 0.0, 0.0, 0.0, 254.0]

seq: 657
secs: 1768905929
nsecs: 506217002
position: [88.0, 231.0, 17.0, 19.0, 21.0, 19.0, 0.0, 0.0, 0.0, 254.0]

seq: 658
secs: 1768905929
nsecs: 522979259
position: [88.0, 231.0, 17.0, 19.0, 21.0, 19.0, 0.0, 0.0, 0.0, 254.0]

seq: 659
secs: 1768905929
nsecs: 539746999
position: [88.0, 231.0, 17.0, 19.0, 21.0, 19.0, 0.0, 0.0, 0.0, 254.0]

seq: 660
secs: 1768905929
nsecs: 556503534
position: [88.0, 231.0, 17.0, 19.0, 21.0, 19.0, 0.0, 0.0, 0.0, 254.0]

seq: 661
secs: 1768905929
nsecs: 573247671
position: [88.0, 231.0, 17.0, 19.0, 21.0, 19.0, 0.0, 0.0, 0.0, 254.0]

seq: 662
secs: 1768905929
nsecs: 589884519
position: [88.0, 231.0, 17.0, 19.0, 21.0, 19.0, 0.0, 0.0, 0.0, 254.0]

seq: 663
secs: 1768905929
nsecs: 606711626
position: [88.0, 231.0, 17.0, 19.0, 21.0, 19.0, 0.0, 0.0, 0.0, 254.0]

seq: 664
secs: 1768905929
nsecs: 623507261
position: [88.0, 231.0, 17.0, 19.0, 21.0, 19.0, 0.0, 0.0, 0.0, 254.0]

seq: 665
secs: 1768905929
nsecs: 640299081
position: [88.0, 231.0, 17.0, 19.0, 21.0, 19.0, 0.0, 0.0, 0.0, 254.0]

seq: 666
secs: 1768905929
nsecs: 656985998
position: [88.0, 231.0, 17.0, 19.0, 21.0, 19.0, 0.0, 0.0, 0.0, 254.0]

seq: 667
secs: 1768905929
nsecs: 673723697
position: [88.0, 231.0, 17.0, 19.0, 21.0, 19.0, 0.0, 0.0, 0.0, 254.0]

seq: 668
secs: 1768905929
nsecs: 690518379
position: [88.0, 231.0, 17.0, 19.0, 21.0, 19.0, 0.0, 0.0, 0.0, 254.0]

seq: 669
secs: 1768905929
nsecs: 707412242
position: [88.0, 231.0, 17.0, 19.0, 21.0, 19.0, 0.0, 0.0, 0.0, 254.0]

seq: 670
secs: 1768905929
nsecs: 724107980
position: [88.0, 231.0, 17.0, 19.0, 21.0, 19.0, 0.0, 0.0, 0.0, 254.0]

seq: 671
secs: 1768905929
nsecs: 740805625
position: [88.0, 231.0, 17.0, 19.0, 21.0, 19.0, 0.0, 0.0, 0.0, 254.0]

seq: 672
secs: 1768905929
nsecs: 757517576
position: [88.0, 231.0, 17.0, 19.0, 21.0, 19.0, 0.0, 0.0, 0.0, 254.0]

seq: 673
secs: 1768905929
nsecs: 774024009
position: [88.0, 231.0, 17.0, 19.0, 21.0, 19.0, 0.0, 0.0, 0.0, 254.0]

seq: 674
secs: 1768905929
nsecs: 790533304
position: [88.0, 231.0, 17.0, 19.0, 21.0, 19.0, 0.0, 0.0, 0.0, 254.0]

seq: 675
secs: 1768905929
nsecs: 806891918
position: [88.0, 231.0, 17.0, 19.0, 21.0, 19.0, 0.0, 0.0, 0.0, 254.0]

seq: 676
secs: 1768905929
nsecs: 823558807
position: [88.0, 231.0, 17.0, 19.0, 21.0, 19.0, 0.0, 0.0, 0.0, 254.0]

seq: 677
secs: 1768905929
nsecs: 840159177
position: [88.0, 231.0, 17.0, 19.0, 21.0, 19.0, 0.0, 0.0, 0.0, 254.0]

seq: 678
secs: 1768905929
nsecs: 856721878
position: [88.0, 231.0, 17.0, 19.0, 21.0, 19.0, 0.0, 0.0, 0.0, 254.0]

seq: 679
secs: 1768905929
nsecs: 873327970
position: [88.0, 231.0, 17.0, 19.0, 21.0, 19.0, 0.0, 0.0, 0.0, 254.0]

seq: 680
secs: 1768905929
nsecs: 890256881
position: [88.0, 231.0, 17.0, 19.0, 21.0, 19.0, 0.0, 0.0, 0.0, 254.0]

