seq: 0
secs: 1768905918
nsecs: 711075544
position: [254.0, 0.0, 254.0, 254.0, 0.0, 0.0, 0.0, 0.0, 0.0, 239.0]

seq: 1
secs: 1768905918
nsecs: 727423191
position: [254.0, 0.0, 254.0, 254.0, 0.0, 0.0, 0.0, 0.0, 0.0, 239.0]

seq: 2
secs: 1768905918
nsecs: 743748188
position: [254.0, 0.0, 254.0, 254.0, 0.0, 0.0, 0.0, 0.0, 0.0, 239.0]

seq: 3
secs: 1768905918
nsecs: 760164499
position: [254.0, 0.0, 254.0, 254.0, 0.0, 0.0, 0.0, 0.0, 0.0, 239.0]

seq: 4
secs: 1768905918
nsecs: 776780128
position: [254.0, 0.0, 254.0, 254.0, 0.0, 0.0, 0.0, 0.0, 0.0, 239.0]

seq: 5
secs: 1768905918
nsecs: 793477296
position: [254.0, 0.0, 254.0, 254.0, 0.0, 0.0, 0.0, 0.0, 0.0, 239.0]

seq: 6
secs: 1768905918
nsecs: 810157537
position: [254.0, 0.0, 254.0, 254.0, 0.0, 0.0, 0.0, 0.0, 0.0, 239.0]

seq: 7
secs: 1768905918
nsecs: 826965332
position: [254.0, 0.0, 254.0, 254.0, 0.0, 0.0, 0.0, 0.0, 0.0, 239.0]

seq: 8
secs: 1768905918
nsecs: 843811988
position: [254.0, 0.0, 254.0, 254.0, 0.0, 0.0, 0.0, 0.0, 0.0, 239.0]

seq: 9
secs: 1768905918
nsecs: 860712766
position: [254.0, 0.0, 254.0, 254.0, 0.0, 0.0, 0.0, 0.0, 0.0, 239.0]

seq: 10
secs: 1768905918
nsecs: 877489805
position: [254.0, 0.0, 254.0, 254.0, 0.0, 0.0, 0.0, 0.0, 0.0, 239.0]

seq: 11
secs: 1768905918
nsecs: 894217967
position: [254.0, 0.0, 254.0, 254.0, 0.0, 0.0, 0.0, 0.0, 0.0, 239.0]

seq: 12
secs: 1768905918
nsecs: 911020994
position: [254.0, 0.0, 254.0, 254.0, 0.0, 0.0, 0.0, 0.0, 0.0, 239.0]

seq: 13
secs: 1768905918
nsecs: 927946329
position: [254.0, 0.0, 254.0, 254.0, 0.0, 0.0, 0.0, 0.0, 0.0, 239.0]

seq: 14
secs: 1768905918
nsecs: 944720029
position: [254.0, 0.0, 254.0, 254.0, 0.0, 0.0, 0.0, 0.0, 0.0, 239.0]

seq: 15
secs: 1768905918
nsecs: 961447000
position: [254.0, 0.0, 254.0, 254.0, 0.0, 0.0, 0.0, 0.0, 0.0, 239.0]

seq: 16
secs: 1768905918
nsecs: 978171586
position: [254.0, 0.0, 254.0, 254.0, 0.0, 0.0, 0.0, 0.0, 0.0, 239.0]

seq: 17
secs: 1768905918
nsecs: 995056867
position: [254.0, 0.0, 254.0, 254.0, 0.0, 0.0, 0.0, 0.0, 0.0, 239.0]

seq: 18
secs: 1768905919
nsecs: 12015581
position: [254.0, 0.0, 254.0, 254.0, 0.0, 0.0, 0.0, 0.0, 0.0, 239.0]

seq: 19
secs: 1768905919
nsecs: 28877735
position: [254.0, 0.0, 254.0, 254.0, 0.0, 0.0, 0.0, 0.0, 0.0, 239.0]

seq: 20
secs: 1768905919
nsecs: 45544147
position: [254.0, 0.0, 254.0, 254.0, 0.0, 0.0, 0.0, 0.0, 0.0, 239.0]

seq: 21
secs: 1768905919
nsecs: 61976909
position: [254.0, 0.0, 254.0, 254.0, 0.0, 0.0, 0.0, 0.0, 0.0, 239.0]

seq: 22
secs: 1768905919
nsecs: 78701019
position: [254.0, 0.0, 254.0, 254.0, 0.0, 0.0, 0.0, 0.0, 0.0, 239.0]

seq: 23
secs: 1768905919
nsecs: 95539808
position: [254.0, 0.0, 254.0, 254.0, 0.0, 0.0, 0.0, 0.0, 0.0, 239.0]

seq: 24
secs: 1768905919
nsecs: 112469434
position: [254.0, 0.0, 254.0, 254.0, 0.0, 0.0, 0.0, 0.0, 0.0, 239.0]

seq: 25
secs: 1768905919
nsecs: 129217624
position: [254.0, 0.0, 254.0, 254.0, 0.0, 0.0, 0.0, 0.0, 0.0, 239.0]

seq: 26
secs: 1768905919
nsecs: 145977497
position: [254.0, 0.0, 254.0, 254.0, 0.0, 0.0, 0.0, 0.0, 0.0, 239.0]

seq: 27
secs: 1768905919
nsecs: 162840127
position: [254.0, 0.0, 254.0, 254.0, 0.0, 0.0, 0.0, 0.0, 0.0, 239.0]

seq: 28
secs: 1768905919
nsecs: 179642438
position: [254.0, 0.0, 254.0, 254.0, 0.0, 0.0, 0.0, 0.0, 0.0, 239.0]

seq: 29
secs: 1768905919
nsecs: 196452617
position: [254.0, 0.0, 254.0, 254.0, 0.0, 0.0, 0.0, 0.0, 0.0, 239.0]

seq: 30
secs: 1768905919
nsecs: 213283777
position: [254.0, 0.0, 254.0, 254.0, 0.0, 0.0, 0.0, 0.0, 0.0, 239.0]

seq: 31
secs: 1768905919
nsecs: 230080842
position: [254.0, 0.0, 254.0, 254.0, 0.0, 0.0, 0.0, 0.0, 0.0, 239.0]

seq: 32
secs: 1768905919
nsecs: 246926307
position: [254.0, 0.0, 254.0, 254.0, 0.0, 0.0, 0.0, 0.0, 0.0, 239.0]

seq: 33
secs: 1768905919
nsecs: 263843297
position: [254.0, 0.0, 254.0, 254.0, 0.0, 0.0, 0.0, 0.0, 0.0, 239.0]

seq: 34
secs: 1768905919
nsecs: 280497312
position: [254.0, 0.0, 254.0, 254.0, 0.0, 0.0, 0.0, 0.0, 0.0, 239.0]

seq: 35
secs: 1768905919
nsecs: 297145605
position: [254.0, 0.0, 254.0, 254.0, 0.0, 0.0, 0.0, 0.0, 0.0, 239.0]

seq: 36
secs: 1768905919
nsecs: 313906431
position: [254.0, 0.0, 254.0, 254.0, 0.0, 0.0, 0.0, 0.0, 0.0, 239.0]

seq: 37
secs: 1768905919
nsecs: 330772161
position: [254.0, 0.0, 254.0, 254.0, 0.0, 0.0, 0.0, 0.0, 0.0, 239.0]

seq: 38
secs: 1768905919
nsecs: 347690820
position: [254.0, 0.0, 254.0, 254.0, 0.0, 0.0, 0.0, 0.0, 0.0, 239.0]

seq: 39
secs: 1768905919
nsecs: 364385843
position: [254.0, 0.0, 254.0, 254.0, 0.0, 0.0, 0.0, 0.0, 0.0, 239.0]

seq: 40
secs: 1768905919
nsecs: 380844116
position: [254.0, 0.0, 254.0, 254.0, 0.0, 0.0, 0.0, 0.0, 0.0, 239.0]

seq: 41
secs: 1768905919
nsecs: 397330760
position: [254.0, 0.0, 254.0, 254.0, 0.0, 0.0, 0.0, 0.0, 0.0, 239.0]

seq: 42
secs: 1768905919
nsecs: 413850069
position: [254.0, 0.0, 254.0, 254.0, 0.0, 0.0, 0.0, 0.0, 0.0, 239.0]

seq: 43
secs: 1768905919
nsecs: 430763244
position: [254.0, 0.0, 254.0, 254.0, 0.0, 0.0, 0.0, 0.0, 0.0, 239.0]

seq: 44
secs: 1768905919
nsecs: 450553894
position: [254.0, 0.0, 254.0, 254.0, 0.0, 0.0, 0.0, 0.0, 0.0, 239.0]

seq: 45
secs: 1768905919
nsecs: 469388961
position: [254.0, 0.0, 254.0, 254.0, 0.0, 0.0, 0.0, 0.0, 0.0, 239.0]

seq: 46
secs: 1768905919
nsecs: 486430883
position: [254.0, 0.0, 254.0, 254.0, 0.0, 0.0, 0.0, 0.0, 0.0, 239.0]

seq: 47
secs: 1768905919
nsecs: 503278493
position: [254.0, 0.0, 254.0, 254.0, 0.0, 0.0, 0.0, 0.0, 0.0, 239.0]

seq: 48
secs: 1768905919
nsecs: 520041227
position: [254.0, 0.0, 254.0, 254.0, 0.0, 0.0, 0.0, 0.0, 0.0, 239.0]

seq: 49
secs: 1768905919
nsecs: 536694288
position: [254.0, 0.0, 254.0, 254.0, 0.0, 0.0, 0.0, 0.0, 0.0, 239.0]

seq: 50
secs: 1768905919
nsecs: 553372144
position: [254.0, 0.0, 254.0, 254.0, 0.0, 0.0, 0.0, 0.0, 0.0, 239.0]

seq: 51
secs: 1768905919
nsecs: 570100784
position: [254.0, 0.0, 254.0, 254.0, 0.0, 0.0, 0.0, 0.0, 0.0, 239.0]

seq: 52
secs: 1768905919
nsecs: 586722135
position: [254.0, 0.0, 254.0, 254.0, 0.0, 0.0, 0.0, 0.0, 0.0, 239.0]

seq: 53
secs: 1768905919
nsecs: 603552341
position: [254.0, 0.0, 254.0, 254.0, 0.0, 0.0, 0.0, 0.0, 0.0, 239.0]

seq: 54
secs: 1768905919
nsecs: 620305061
position: [254.0, 0.0, 254.0, 254.0, 0.0, 0.0, 0.0, 0.0, 0.0, 239.0]

seq: 55
secs: 1768905919
nsecs: 636940717
position: [254.0, 0.0, 254.0, 254.0, 0.0, 0.0, 0.0, 0.0, 0.0, 239.0]

seq: 56
secs: 1768905919
nsecs: 653666496
position: [254.0, 0.0, 254.0, 254.0, 0.0, 0.0, 0.0, 0.0, 0.0, 239.0]

seq: 57
secs: 1768905919
nsecs: 670495748
position: [254.0, 0.0, 254.0, 254.0, 0.0, 0.0, 0.0, 0.0, 0.0, 239.0]

seq: 58
secs: 1768905919
nsecs: 687281131
position: [254.0, 0.0, 254.0, 254.0, 0.0, 0.0, 0.0, 0.0, 0.0, 239.0]

seq: 59
secs: 1768905919
nsecs: 704106092
position: [254.0, 0.0, 254.0, 254.0, 0.0, 0.0, 0.0, 0.0, 0.0, 239.0]

seq: 60
secs: 1768905919
nsecs: 720873832
position: [254.0, 0.0, 254.0, 254.0, 0.0, 0.0, 0.0, 0.0, 0.0, 239.0]

seq: 61
secs: 1768905919
nsecs: 737532854
position: [254.0, 0.0, 254.0, 254.0, 0.0, 0.0, 0.0, 0.0, 0.0, 239.0]

seq: 62
secs: 1768905919
nsecs: 754243135
position: [254.0, 0.0, 254.0, 254.0, 0.0, 0.0, 0.0, 0.0, 0.0, 239.0]

seq: 63
secs: 1768905919
nsecs: 770966529
position: [254.0, 0.0, 254.0, 254.0, 0.0, 0.0, 0.0, 0.0, 0.0, 239.0]

seq: 64
secs: 1768905919
nsecs: 787592887
position: [254.0, 0.0, 254.0, 254.0, 0.0, 0.0, 0.0, 0.0, 0.0, 239.0]

seq: 65
secs: 1768905919
nsecs: 804241657
position: [254.0, 0.0, 254.0, 254.0, 0.0, 0.0, 0.0, 0.0, 0.0, 239.0]

seq: 66
secs: 1768905919
nsecs: 821012735
position: [254.0, 0.0, 254.0, 254.0, 0.0, 0.0, 0.0, 0.0, 0.0, 239.0]

seq: 67
secs: 1768905919
nsecs: 837663173
position: [254.0, 0.0, 254.0, 254.0, 0.0, 0.0, 0.0, 0.0, 0.0, 239.0]

seq: 68
secs: 1768905919
nsecs: 854619026
position: [254.0, 0.0, 254.0, 254.0, 0.0, 0.0, 0.0, 0.0, 0.0, 239.0]

seq: 69
secs: 1768905919
nsecs: 871433496
position: [254.0, 0.0, 254.0, 254.0, 0.0, 0.0, 0.0, 0.0, 0.0, 239.0]

seq: 70
secs: 1768905919
nsecs: 888186454
position: [254.0, 0.0, 254.0, 254.0, 0.0, 0.0, 0.0, 0.0, 0.0, 239.0]

seq: 71
secs: 1768905919
nsecs: 904871702
position: [254.0, 0.0, 254.0, 254.0, 0.0, 0.0, 0.0, 0.0, 0.0, 239.0]

seq: 72
secs: 1768905919
nsecs: 921621561
position: [254.0, 0.0, 254.0, 254.0, 0.0, 0.0, 0.0, 0.0, 0.0, 239.0]

seq: 73
secs: 1768905919
nsecs: 938436746
position: [254.0, 0.0, 254.0, 254.0, 0.0, 0.0, 0.0, 0.0, 0.0, 239.0]

seq: 74
secs: 1768905919
nsecs: 955248355
position: [254.0, 0.0, 254.0, 254.0, 0.0, 0.0, 0.0, 0.0, 0.0, 239.0]

seq: 75
secs: 1768905919
nsecs: 971926450
position: [254.0, 0.0, 254.0, 254.0, 0.0, 0.0, 0.0, 0.0, 0.0, 239.0]

seq: 76
secs: 1768905919
nsecs: 989081859
position: [254.0, 0.0, 254.0, 254.0, 0.0, 0.0, 0.0, 0.0, 0.0, 239.0]

seq: 77
secs: 1768905920
nsecs: 6287336
position: [254.0, 0.0, 254.0, 254.0, 0.0, 0.0, 0.0, 0.0, 0.0, 239.0]

seq: 78
secs: 1768905920
nsecs: 22786855
position: [254.0, 0.0, 254.0, 254.0, 0.0, 0.0, 0.0, 0.0, 0.0, 239.0]

seq: 79
secs: 1768905920
nsecs: 39161443
position: [254.0, 0.0, 254.0, 254.0, 0.0, 0.0, 0.0, 0.0, 0.0, 239.0]

seq: 80
secs: 1768905920
nsecs: 55931568
position: [254.0, 0.0, 254.0, 254.0, 0.0, 0.0, 0.0, 0.0, 0.0, 239.0]

seq: 81
secs: 1768905920
nsecs: 72677612
position: [254.0, 0.0, 254.0, 254.0, 0.0, 0.0, 0.0, 0.0, 0.0, 239.0]

seq: 82
secs: 1768905920
nsecs: 89447498
position: [254.0, 0.0, 254.0, 254.0, 0.0, 0.0, 0.0, 0.0, 0.0, 239.0]

seq: 83
secs: 1768905920
nsecs: 106235980
position: [254.0, 0.0, 254.0, 254.0, 0.0, 0.0, 0.0, 0.0, 0.0, 239.0]

seq: 84
secs: 1768905920
nsecs: 122920989
position: [254.0, 0.0, 254.0, 254.0, 0.0, 0.0, 0.0, 0.0, 0.0, 239.0]

seq: 85
secs: 1768905920
nsecs: 139685153
position: [254.0, 0.0, 254.0, 254.0, 0.0, 0.0, 0.0, 0.0, 0.0, 239.0]

seq: 86
secs: 1768905920
nsecs: 156455993
position: [254.0, 0.0, 254.0, 254.0, 0.0, 0.0, 0.0, 0.0, 0.0, 239.0]

seq: 87
secs: 1768905920
nsecs: 173157215
position: [254.0, 0.0, 254.0, 254.0, 0.0, 0.0, 0.0, 0.0, 0.0, 239.0]

seq: 88
secs: 1768905920
nsecs: 189765691
position: [254.0, 0.0, 254.0, 254.0, 0.0, 0.0, 0.0, 0.0, 0.0, 239.0]

seq: 89
secs: 1768905920
nsecs: 206607580
position: [254.0, 0.0, 254.0, 254.0, 0.0, 0.0, 0.0, 0.0, 0.0, 239.0]

seq: 90
secs: 1768905920
nsecs: 223416805
position: [254.0, 0.0, 254.0, 254.0, 0.0, 0.0, 0.0, 0.0, 0.0, 239.0]

seq: 91
secs: 1768905920
nsecs: 240107297
position: [254.0, 0.0, 254.0, 254.0, 0.0, 0.0, 0.0, 0.0, 0.0, 239.0]

seq: 92
secs: 1768905920
nsecs: 256889104
position: [254.0, 0.0, 254.0, 254.0, 0.0, 0.0, 0.0, 0.0, 0.0, 239.0]

seq: 93
secs: 1768905920
nsecs: 273667097
position: [254.0, 0.0, 254.0, 254.0, 0.0, 0.0, 0.0, 0.0, 0.0, 239.0]

seq: 94
secs: 1768905920
nsecs: 290446519
position: [254.0, 0.0, 254.0, 254.0, 0.0, 0.0, 0.0, 0.0, 0.0, 239.0]

seq: 95
secs: 1768905920
nsecs: 307178735
position: [254.0, 0.0, 254.0, 254.0, 0.0, 0.0, 0.0, 0.0, 0.0, 239.0]

seq: 96
secs: 1768905920
nsecs: 324012517
position: [254.0, 0.0, 254.0, 254.0, 0.0, 0.0, 0.0, 0.0, 0.0, 239.0]

seq: 97
secs: 1768905920
nsecs: 340723991
position: [254.0, 0.0, 254.0, 254.0, 0.0, 0.0, 0.0, 0.0, 0.0, 239.0]

seq: 98
secs: 1768905920
nsecs: 357555627
position: [254.0, 0.0, 254.0, 254.0, 0.0, 0.0, 0.0, 0.0, 0.0, 239.0]

seq: 99
secs: 1768905920
nsecs: 374382257
position: [254.0, 0.0, 254.0, 254.0, 0.0, 0.0, 0.0, 0.0, 0.0, 239.0]

seq: 100
secs: 1768905920
nsecs: 391278505
position: [254.0, 0.0, 254.0, 254.0, 0.0, 0.0, 0.0, 0.0, 0.0, 239.0]

seq: 101
secs: 1768905920
nsecs: 407881021
position: [254.0, 0.0, 254.0, 254.0, 0.0, 0.0, 0.0, 0.0, 0.0, 239.0]

seq: 102
secs: 1768905920
nsecs: 424420118
position: [254.0, 0.0, 254.0, 254.0, 0.0, 0.0, 0.0, 0.0, 0.0, 239.0]

seq: 103
secs: 1768905920
nsecs: 440802335
position: [254.0, 0.0, 254.0, 254.0, 0.0, 0.0, 0.0, 0.0, 0.0, 239.0]

seq: 104
secs: 1768905920
nsecs: 457284688
position: [254.0, 0.0, 254.0, 254.0, 0.0, 0.0, 0.0, 0.0, 0.0, 239.0]

seq: 105
secs: 1768905920
nsecs: 473811864
position: [254.0, 0.0, 254.0, 254.0, 0.0, 0.0, 0.0, 0.0, 0.0, 239.0]

seq: 106
secs: 1768905920
nsecs: 490656137
position: [254.0, 0.0, 254.0, 254.0, 0.0, 0.0, 0.0, 0.0, 0.0, 239.0]

seq: 107
secs: 1768905920
nsecs: 507500171
position: [254.0, 0.0, 254.0, 254.0, 0.0, 0.0, 0.0, 0.0, 0.0, 239.0]

seq: 108
secs: 1768905920
nsecs: 524336576
position: [254.0, 0.0, 254.0, 254.0, 0.0, 0.0, 0.0, 0.0, 0.0, 239.0]

seq: 109
secs: 1768905920
nsecs: 541082859
position: [254.0, 0.0, 254.0, 254.0, 0.0, 0.0, 0.0, 0.0, 0.0, 239.0]

seq: 110
secs: 1768905920
nsecs: 558063983
position: [254.0, 0.0, 254.0, 254.0, 0.0, 0.0, 0.0, 0.0, 0.0, 239.0]

seq: 111
secs: 1768905920
nsecs: 575082302
position: [254.0, 0.0, 254.0, 254.0, 0.0, 0.0, 0.0, 0.0, 0.0, 239.0]

seq: 112
secs: 1768905920
nsecs: 591991186
position: [254.0, 0.0, 254.0, 254.0, 0.0, 0.0, 0.0, 0.0, 0.0, 239.0]

seq: 113
secs: 1768905920
nsecs: 608974218
position: [254.0, 0.0, 254.0, 254.0, 0.0, 0.0, 0.0, 0.0, 0.0, 239.0]

seq: 114
secs: 1768905920
nsecs: 625829458
position: [254.0, 0.0, 254.0, 254.0, 0.0, 0.0, 0.0, 0.0, 0.0, 239.0]

seq: 115
secs: 1768905920
nsecs: 642758607
position: [254.0, 0.0, 254.0, 254.0, 0.0, 0.0, 0.0, 0.0, 0.0, 239.0]

seq: 116
secs: 1768905920
nsecs: 659647226
position: [254.0, 0.0, 254.0, 254.0, 0.0, 0.0, 0.0, 0.0, 0.0, 239.0]

seq: 117
secs: 1768905920
nsecs: 676636695
position: [254.0, 0.0, 254.0, 254.0, 0.0, 0.0, 0.0, 0.0, 0.0, 239.0]

seq: 118
secs: 1768905920
nsecs: 693353414
position: [254.0, 0.0, 254.0, 254.0, 0.0, 0.0, 0.0, 0.0, 0.0, 239.0]

seq: 119
secs: 1768905920
nsecs: 710035800
position: [254.0, 0.0, 254.0, 254.0, 0.0, 0.0, 0.0, 0.0, 0.0, 239.0]

seq: 120
secs: 1768905920
nsecs: 726931571
position: [254.0, 0.0, 254.0, 254.0, 0.0, 0.0, 0.0, 0.0, 0.0, 239.0]

seq: 121
secs: 1768905920
nsecs: 743911743
position: [254.0, 0.0, 254.0, 254.0, 0.0, 0.0, 0.0, 0.0, 0.0, 239.0]

seq: 122
secs: 1768905920
nsecs: 760806322
position: [254.0, 0.0, 254.0, 254.0, 0.0, 0.0, 0.0, 0.0, 0.0, 239.0]

seq: 123
secs: 1768905920
nsecs: 777540683
position: [254.0, 0.0, 254.0, 254.0, 0.0, 0.0, 0.0, 0.0, 0.0, 239.0]

seq: 124
secs: 1768905920
nsecs: 794493436
position: [254.0, 0.0, 254.0, 254.0, 0.0, 0.0, 0.0, 0.0, 0.0, 239.0]

seq: 125
secs: 1768905920
nsecs: 811492919
position: [254.0, 0.0, 254.0, 254.0, 0.0, 0.0, 0.0, 0.0, 0.0, 239.0]

seq: 126
secs: 1768905920
nsecs: 828291893
position: [254.0, 0.0, 254.0, 254.0, 0.0, 0.0, 0.0, 0.0, 0.0, 239.0]

seq: 127
secs: 1768905920
nsecs: 845064163
position: [254.0, 0.0, 254.0, 254.0, 0.0, 0.0, 0.0, 0.0, 0.0, 239.0]

seq: 128
secs: 1768905920
nsecs: 861844301
position: [254.0, 0.0, 254.0, 254.0, 0.0, 0.0, 0.0, 0.0, 0.0, 239.0]

seq: 129
secs: 1768905920
nsecs: 878751039
position: [254.0, 0.0, 254.0, 254.0, 0.0, 0.0, 0.0, 0.0, 0.0, 239.0]

seq: 130
secs: 1768905920
nsecs: 895614624
position: [254.0, 0.0, 254.0, 254.0, 0.0, 0.0, 0.0, 0.0, 0.0, 239.0]

seq: 131
secs: 1768905920
nsecs: 912345409
position: [254.0, 0.0, 254.0, 254.0, 0.0, 0.0, 0.0, 0.0, 0.0, 239.0]

seq: 132
secs: 1768905920
nsecs: 929168939
position: [254.0, 0.0, 254.0, 254.0, 0.0, 0.0, 0.0, 0.0, 0.0, 239.0]

seq: 133
secs: 1768905920
nsecs: 945975542
position: [254.0, 0.0, 254.0, 254.0, 0.0, 0.0, 0.0, 0.0, 0.0, 239.0]

seq: 134
secs: 1768905920
nsecs: 962862730
position: [254.0, 0.0, 254.0, 254.0, 0.0, 0.0, 0.0, 0.0, 0.0, 239.0]

seq: 135
secs: 1768905920
nsecs: 979674339
position: [254.0, 0.0, 254.0, 254.0, 0.0, 0.0, 0.0, 0.0, 0.0, 239.0]

seq: 136
secs: 1768905920
nsecs: 996445417
position: [254.0, 0.0, 254.0, 254.0, 0.0, 0.0, 0.0, 0.0, 0.0, 239.0]

seq: 137
secs: 1768905921
nsecs: 13167142
position: [254.0, 0.0, 254.0, 254.0, 0.0, 0.0, 0.0, 0.0, 0.0, 239.0]

seq: 138
secs: 1768905921
nsecs: 30088424
position: [254.0, 0.0, 254.0, 254.0, 0.0, 0.0, 0.0, 0.0, 0.0, 239.0]

seq: 139
secs: 1768905921
nsecs: 46992063
position: [254.0, 0.0, 254.0, 254.0, 0.0, 0.0, 0.0, 0.0, 0.0, 239.0]

seq: 140
secs: 1768905921
nsecs: 63952922
position: [254.0, 0.0, 254.0, 254.0, 0.0, 0.0, 0.0, 0.0, 0.0, 239.0]

seq: 141
secs: 1768905921
nsecs: 80847024
position: [254.0, 0.0, 254.0, 254.0, 0.0, 0.0, 0.0, 0.0, 0.0, 239.0]

seq: 142
secs: 1768905921
nsecs: 97667932
position: [254.0, 0.0, 254.0, 254.0, 0.0, 0.0, 0.0, 0.0, 0.0, 239.0]

seq: 143
secs: 1768905921
nsecs: 114602565
position: [254.0, 0.0, 254.0, 254.0, 0.0, 0.0, 0.0, 0.0, 0.0, 239.0]

seq: 144
secs: 1768905921
nsecs: 131514787
position: [254.0, 0.0, 254.0, 254.0, 0.0, 0.0, 0.0, 0.0, 0.0, 239.0]

seq: 145
secs: 1768905921
nsecs: 148452520
position: [254.0, 0.0, 254.0, 254.0, 0.0, 0.0, 0.0, 0.0, 0.0, 239.0]

seq: 146
secs: 1768905921
nsecs: 165305852
position: [254.0, 0.0, 254.0, 254.0, 0.0, 0.0, 0.0, 0.0, 0.0, 239.0]

seq: 147
secs: 1768905921
nsecs: 182161808
position: [254.0, 0.0, 254.0, 254.0, 0.0, 0.0, 0.0, 0.0, 0.0, 239.0]

seq: 148
secs: 1768905921
nsecs: 199089765
position: [254.0, 0.0, 254.0, 254.0, 0.0, 0.0, 0.0, 0.0, 0.0, 239.0]

seq: 149
secs: 1768905921
nsecs: 215897083
position: [254.0, 0.0, 254.0, 254.0, 0.0, 0.0, 0.0, 0.0, 0.0, 239.0]

seq: 150
secs: 1768905921
nsecs: 232804775
position: [254.0, 0.0, 254.0, 254.0, 0.0, 0.0, 0.0, 0.0, 0.0, 239.0]

seq: 151
secs: 1768905921
nsecs: 249619483
position: [254.0, 0.0, 254.0, 254.0, 0.0, 0.0, 0.0, 0.0, 0.0, 239.0]

seq: 152
secs: 1768905921
nsecs: 266529083
position: [254.0, 0.0, 254.0, 254.0, 0.0, 0.0, 0.0, 0.0, 0.0, 239.0]

seq: 153
secs: 1768905921
nsecs: 283535003
position: [254.0, 0.0, 254.0, 254.0, 0.0, 0.0, 0.0, 0.0, 0.0, 239.0]

seq: 154
secs: 1768905921
nsecs: 300420761
position: [254.0, 0.0, 254.0, 254.0, 0.0, 0.0, 0.0, 0.0, 0.0, 239.0]

seq: 155
secs: 1768905921
nsecs: 317276000
position: [254.0, 0.0, 254.0, 254.0, 0.0, 0.0, 0.0, 0.0, 0.0, 239.0]

seq: 156
secs: 1768905921
nsecs: 334277391
position: [254.0, 0.0, 254.0, 254.0, 0.0, 0.0, 0.0, 0.0, 0.0, 239.0]

seq: 157
secs: 1768905921
nsecs: 351164817
position: [254.0, 0.0, 254.0, 254.0, 0.0, 0.0, 0.0, 0.0, 0.0, 239.0]

seq: 158
secs: 1768905921
nsecs: 367901325
position: [254.0, 0.0, 254.0, 254.0, 0.0, 0.0, 0.0, 0.0, 0.0, 239.0]

seq: 159
secs: 1768905921
nsecs: 384650945
position: [254.0, 0.0, 254.0, 254.0, 0.0, 0.0, 0.0, 0.0, 0.0, 239.0]

seq: 160
secs: 1768905921
nsecs: 401590347
position: [254.0, 0.0, 254.0, 254.0, 0.0, 0.0, 0.0, 0.0, 0.0, 239.0]

seq: 161
secs: 1768905921
nsecs: 418344020
position: [254.0, 0.0, 254.0, 254.0, 0.0, 0.0, 0.0, 0.0, 0.0, 239.0]

seq: 162
secs: 1768905921
nsecs: 435255765
position: [254.0, 0.0, 254.0, 254.0, 0.0, 0.0, 0.0, 0.0, 0.0, 239.0]

seq: 163
secs: 1768905921
nsecs: 451818227
position: [254.0, 0.0, 254.0, 254.0, 0.0, 0.0, 0.0, 0.0, 0.0, 239.0]

seq: 164
secs: 1768905921
nsecs: 468205213
position: [254.0, 0.0, 254.0, 254.0, 0.0, 0.0, 0.0, 0.0, 0.0, 239.0]

seq: 165
secs: 1768905921
nsecs: 484566688
position: [254.0, 0.0, 254.0, 254.0, 0.0, 0.0, 0.0, 0.0, 0.0, 239.0]

seq: 166
secs: 1768905921
nsecs: 501149177
position: [254.0, 0.0, 254.0, 254.0, 0.0, 0.0, 0.0, 0.0, 0.0, 239.0]

seq: 167
secs: 1768905921
nsecs: 517828464
position: [254.0, 0.0, 254.0, 254.0, 0.0, 0.0, 0.0, 0.0, 0.0, 239.0]

seq: 168
secs: 1768905921
nsecs: 534639120
position: [254.0, 0.0, 254.0, 254.0, 0.0, 0.0, 0.0, 0.0, 0.0, 239.0]

seq: 169
secs: 1768905921
nsecs: 551404953
position: [254.0, 0.0, 254.0, 254.0, 0.0, 0.0, 0.0, 0.0, 0.0, 239.0]

seq: 170
secs: 1768905921
nsecs: 568331003
position: [254.0, 0.0, 254.0, 254.0, 0.0, 0.0, 0.0, 0.0, 0.0, 239.0]

seq: 171
secs: 1768905921
nsecs: 585105419
position: [254.0, 0.0, 254.0, 254.0, 0.0, 0.0, 0.0, 0.0, 0.0, 239.0]

seq: 172
secs: 1768905921
nsecs: 602374553
position: [254.0, 0.0, 254.0, 254.0, 0.0, 0.0, 0.0, 0.0, 0.0, 239.0]

seq: 173
secs: 1768905921
nsecs: 619249343
position: [254.0, 0.0, 254.0, 254.0, 0.0, 0.0, 0.0, 0.0, 0.0, 239.0]

seq: 174
secs: 1768905921
nsecs: 636130571
position: [254.0, 0.0, 254.0, 254.0, 0.0, 0.0, 0.0, 0.0, 0.0, 239.0]

seq: 175
secs: 1768905921
nsecs: 652862548
position: [254.0, 0.0, 254.0, 254.0, 0.0, 0.0, 0.0, 0.0, 0.0, 239.0]

seq: 176
secs: 1768905921
nsecs: 669614791
position: [254.0, 0.0, 254.0, 254.0, 0.0, 0.0, 0.0, 0.0, 0.0, 239.0]

seq: 177
secs: 1768905921
nsecs: 686608791
position: [254.0, 0.0, 254.0, 254.0, 0.0, 0.0, 0.0, 0.0, 0.0, 239.0]

seq: 178
secs: 1768905921
nsecs: 703567028
position: [254.0, 0.0, 254.0, 254.0, 0.0, 0.0, 0.0, 0.0, 0.0, 239.0]

seq: 179
secs: 1768905921
nsecs: 720368146
position: [254.0, 0.0, 254.0, 254.0, 0.0, 0.0, 0.0, 0.0, 0.0, 239.0]

seq: 180
secs: 1768905921
nsecs: 737169265
position: [254.0, 0.0, 254.0, 254.0, 0.0, 0.0, 0.0, 0.0, 0.0, 239.0]

seq: 181
secs: 1768905921
nsecs: 753828287
position: [254.0, 0.0, 254.0, 254.0, 0.0, 0.0, 0.0, 0.0, 0.0, 239.0]

seq: 182
secs: 1768905921
nsecs: 770641565
position: [254.0, 0.0, 254.0, 254.0, 0.0, 0.0, 0.0, 0.0, 0.0, 239.0]

seq: 183
secs: 1768905921
nsecs: 787515401
position: [254.0, 0.0, 254.0, 254.0, 0.0, 0.0, 0.0, 0.0, 0.0, 239.0]

seq: 184
secs: 1768905921
nsecs: 804214954
position: [254.0, 0.0, 254.0, 254.0, 0.0, 0.0, 0.0, 0.0, 0.0, 239.0]

seq: 185
secs: 1768905921
nsecs: 821146011
position: [254.0, 0.0, 254.0, 254.0, 0.0, 0.0, 0.0, 0.0, 0.0, 239.0]

seq: 186
secs: 1768905921
nsecs: 837950944
position: [254.0, 0.0, 254.0, 254.0, 0.0, 0.0, 0.0, 0.0, 0.0, 239.0]

seq: 187
secs: 1768905921
nsecs: 854859113
position: [254.0, 0.0, 254.0, 254.0, 0.0, 0.0, 0.0, 0.0, 0.0, 239.0]

seq: 188
secs: 1768905921
nsecs: 871826410
position: [254.0, 0.0, 254.0, 254.0, 0.0, 0.0, 0.0, 0.0, 0.0, 239.0]

seq: 189
secs: 1768905921
nsecs: 888836860
position: [254.0, 0.0, 254.0, 254.0, 0.0, 0.0, 0.0, 0.0, 0.0, 239.0]

seq: 190
secs: 1768905921
nsecs: 905631065
position: [254.0, 0.0, 254.0, 254.0, 0.0, 0.0, 0.0, 0.0, 0.0, 239.0]

seq: 191
secs: 1768905921
nsecs: 922497034
position: [254.0, 0.0, 254.0, 254.0, 0.0, 0.0, 0.0, 0.0, 0.0, 239.0]

seq: 192
secs: 1768905921
nsecs: 939559936
position: [254.0, 0.0, 254.0, 254.0, 0.0, 0.0, 0.0, 0.0, 0.0, 239.0]

seq: 193
secs: 1768905921
nsecs: 956375837
position: [254.0, 0.0, 254.0, 254.0, 0.0, 0.0, 0.0, 0.0, 0.0, 239.0]

seq: 194
secs: 1768905921
nsecs: 972893476
position: [254.0, 0.0, 254.0, 254.0, 0.0, 0.0, 0.0, 0.0, 0.0, 239.0]

seq: 195
secs: 1768905921
nsecs: 989322900
position: [254.0, 0.0, 254.0, 254.0, 0.0, 0.0, 0.0, 0.0, 0.0, 239.0]

seq: 196
secs: 1768905922
nsecs: 6245851
position: [254.0, 0.0, 254.0, 254.0, 0.0, 0.0, 0.0, 0.0, 0.0, 239.0]

seq: 197
secs: 1768905922
nsecs: 22891044
position: [254.0, 0.0, 254.0, 254.0, 0.0, 0.0, 0.0, 0.0, 0.0, 239.0]

seq: 198
secs: 1768905922
nsecs: 39704799
position: [254.0, 0.0, 254.0, 254.0, 0.0, 0.0, 0.0, 0.0, 0.0, 239.0]

seq: 199
secs: 1768905922
nsecs: 56443452
position: [254.0, 0.0, 254.0, 254.0, 0.0, 0.0, 0.0, 0.0, 0.0, 239.0]

seq: 200
secs: 1768905922
nsecs: 73237180
position: [254.0, 0.0, 254.0, 254.0, 0.0, 0.0, 0.0, 0.0, 0.0, 239.0]

seq: 201
secs: 1768905922
nsecs: 90099573
position: [254.0, 0.0, 254.0, 254.0, 0.0, 0.0, 0.0, 0.0, 0.0, 239.0]

seq: 202
secs: 1768905922
nsecs: 107020616
position: [254.0, 0.0, 254.0, 254.0, 0.0, 0.0, 0.0, 0.0, 0.0, 239.0]

seq: 203
secs: 1768905922
nsecs: 123922348
position: [254.0, 0.0, 254.0, 254.0, 0.0, 0.0, 0.0, 0.0, 0.0, 239.0]

seq: 204
secs: 1768905922
nsecs: 140737533
position: [254.0, 0.0, 254.0, 254.0, 0.0, 0.0, 0.0, 0.0, 0.0, 239.0]

seq: 205
secs: 1768905922
nsecs: 157626867
position: [254.0, 0.0, 254.0, 254.0, 0.0, 0.0, 0.0, 0.0, 0.0, 239.0]

seq: 206
secs: 1768905922
nsecs: 174502849
position: [254.0, 0.0, 254.0, 254.0, 0.0, 0.0, 0.0, 0.0, 0.0, 239.0]

seq: 207
secs: 1768905922
nsecs: 191521644
position: [254.0, 0.0, 254.0, 254.0, 0.0, 0.0, 0.0, 0.0, 0.0, 239.0]

seq: 208
secs: 1768905922
nsecs: 208328962
position: [254.0, 0.0, 254.0, 254.0, 0.0, 0.0, 0.0, 0.0, 0.0, 239.0]

seq: 209
secs: 1768905922
nsecs: 225101709
position: [254.0, 0.0, 254.0, 254.0, 0.0, 0.0, 0.0, 0.0, 0.0, 239.0]

seq: 210
secs: 1768905922
nsecs: 242048978
position: [254.0, 0.0, 254.0, 254.0, 0.0, 0.0, 0.0, 0.0, 0.0, 239.0]

seq: 211
secs: 1768905922
nsecs: 258907556
position: [254.0, 0.0, 254.0, 254.0, 0.0, 0.0, 0.0, 0.0, 0.0, 239.0]

seq: 212
secs: 1768905922
nsecs: 275642633
position: [254.0, 0.0, 254.0, 254.0, 0.0, 0.0, 0.0, 0.0, 0.0, 239.0]

seq: 213
secs: 1768905922
nsecs: 292178153
position: [254.0, 0.0, 254.0, 254.0, 0.0, 0.0, 0.0, 0.0, 0.0, 239.0]

seq: 214
secs: 1768905922
nsecs: 308532953
position: [254.0, 0.0, 254.0, 254.0, 0.0, 0.0, 0.0, 0.0, 0.0, 239.0]

seq: 215
secs: 1768905922
nsecs: 324885606
position: [254.0, 0.0, 254.0, 254.0, 0.0, 0.0, 0.0, 0.0, 0.0, 239.0]

seq: 216
secs: 1768905922
nsecs: 341624498
position: [254.0, 0.0, 254.0, 254.0, 0.0, 0.0, 0.0, 0.0, 0.0, 239.0]

seq: 217
secs: 1768905922
nsecs: 358473539
position: [254.0, 0.0, 254.0, 254.0, 0.0, 0.0, 0.0, 0.0, 0.0, 239.0]

seq: 218
secs: 1768905922
nsecs: 375084400
position: [254.0, 0.0, 254.0, 254.0, 0.0, 0.0, 0.0, 0.0, 0.0, 239.0]

seq: 219
secs: 1768905922
nsecs: 391850233
position: [254.0, 0.0, 254.0, 254.0, 0.0, 0.0, 0.0, 0.0, 0.0, 239.0]

seq: 220
secs: 1768905922
nsecs: 408656835
position: [254.0, 0.0, 254.0, 254.0, 0.0, 0.0, 0.0, 0.0, 0.0, 239.0]

seq: 221
secs: 1768905922
nsecs: 425437927
position: [254.0, 0.0, 254.0, 254.0, 0.0, 0.0, 0.0, 0.0, 0.0, 239.0]

seq: 222
secs: 1768905922
nsecs: 442149877
position: [254.0, 0.0, 254.0, 254.0, 0.0, 0.0, 0.0, 0.0, 0.0, 239.0]

seq: 223
secs: 1768905922
nsecs: 459022998
position: [254.0, 0.0, 254.0, 254.0, 0.0, 0.0, 0.0, 0.0, 0.0, 239.0]

seq: 224
secs: 1768905922
nsecs: 475712299
position: [254.0, 0.0, 254.0, 254.0, 0.0, 0.0, 0.0, 0.0, 0.0, 239.0]

seq: 225
secs: 1768905922
nsecs: 492121458
position: [254.0, 0.0, 254.0, 254.0, 0.0, 0.0, 0.0, 0.0, 0.0, 239.0]

seq: 226
secs: 1768905922
nsecs: 508569002
position: [254.0, 0.0, 254.0, 254.0, 0.0, 0.0, 0.0, 0.0, 0.0, 239.0]

seq: 227
secs: 1768905922
nsecs: 524987459
position: [254.0, 0.0, 254.0, 254.0, 0.0, 0.0, 0.0, 0.0, 0.0, 239.0]

seq: 228
secs: 1768905922
nsecs: 541710138
position: [254.0, 0.0, 254.0, 254.0, 0.0, 0.0, 0.0, 0.0, 0.0, 239.0]

seq: 229
secs: 1768905922
nsecs: 558652877
position: [254.0, 0.0, 254.0, 254.0, 0.0, 0.0, 0.0, 0.0, 0.0, 239.0]

seq: 230
secs: 1768905922
nsecs: 575476169
position: [254.0, 0.0, 254.0, 254.0, 0.0, 0.0, 0.0, 0.0, 0.0, 239.0]

seq: 231
secs: 1768905922
nsecs: 592271327
position: [254.0, 0.0, 254.0, 254.0, 0.0, 0.0, 0.0, 0.0, 0.0, 239.0]

seq: 232
secs: 1768905922
nsecs: 609042882
position: [254.0, 0.0, 254.0, 254.0, 0.0, 0.0, 0.0, 0.0, 0.0, 239.0]

seq: 233
secs: 1768905922
nsecs: 625774860
position: [254.0, 0.0, 254.0, 254.0, 0.0, 0.0, 0.0, 0.0, 0.0, 239.0]

seq: 234
secs: 1768905922
nsecs: 642582416
position: [254.0, 0.0, 254.0, 254.0, 0.0, 0.0, 0.0, 0.0, 0.0, 239.0]

seq: 235
secs: 1768905922
nsecs: 659469604
position: [254.0, 0.0, 254.0, 254.0, 0.0, 0.0, 0.0, 0.0, 0.0, 239.0]

seq: 236
secs: 1768905922
nsecs: 676202058
position: [254.0, 0.0, 254.0, 254.0, 0.0, 0.0, 0.0, 0.0, 0.0, 239.0]

seq: 237
secs: 1768905922
nsecs: 692939519
position: [254.0, 0.0, 254.0, 254.0, 0.0, 0.0, 0.0, 0.0, 0.0, 239.0]

seq: 238
secs: 1768905922
nsecs: 709699630
position: [254.0, 0.0, 254.0, 254.0, 0.0, 0.0, 0.0, 0.0, 0.0, 239.0]

seq: 239
secs: 1768905922
nsecs: 726408243
position: [254.0, 0.0, 254.0, 254.0, 0.0, 0.0, 0.0, 0.0, 0.0, 239.0]

seq: 240
secs: 1768905922
nsecs: 743334770
position: [254.0, 0.0, 254.0, 254.0, 0.0, 0.0, 0.0, 0.0, 0.0, 239.0]

seq: 241
secs: 1768905922
nsecs: 760108470
position: [254.0, 0.0, 254.0, 254.0, 0.0, 0.0, 0.0, 0.0, 0.0, 239.0]

seq: 242
secs: 1768905922
nsecs: 776858568
position: [254.0, 0.0, 254.0, 254.0, 0.0, 0.0, 0.0, 0.0, 0.0, 239.0]

seq: 243
secs: 1768905922
nsecs: 793524742
position: [254.0, 0.0, 254.0, 254.0, 0.0, 0.0, 0.0, 0.0, 0.0, 239.0]

seq: 244
secs: 1768905922
nsecs: 810302972
position: [254.0, 0.0, 254.0, 254.0, 0.0, 0.0, 0.0, 0.0, 0.0, 239.0]

seq: 245
secs: 1768905922
nsecs: 827034711
position: [254.0, 0.0, 254.0, 254.0, 0.0, 0.0, 0.0, 0.0, 0.0, 239.0]

seq: 246
secs: 1768905922
nsecs: 843806505
position: [254.0, 0.0, 254.0, 254.0, 0.0, 0.0, 0.0, 0.0, 0.0, 239.0]

seq: 247
secs: 1768905922
nsecs: 860572814
position: [254.0, 0.0, 254.0, 254.0, 0.0, 0.0, 0.0, 0.0, 0.0, 239.0]

seq: 248
secs: 1768905922
nsecs: 877351999
position: [254.0, 0.0, 254.0, 254.0, 0.0, 0.0, 0.0, 0.0, 0.0, 239.0]

seq: 249
secs: 1768905922
nsecs: 894142866
position: [254.0, 0.0, 254.0, 254.0, 0.0, 0.0, 0.0, 0.0, 0.0, 239.0]

seq: 250
secs: 1768905922
nsecs: 910996913
position: [254.0, 0.0, 254.0, 254.0, 0.0, 0.0, 0.0, 0.0, 0.0, 239.0]

seq: 251
secs: 1768905922
nsecs: 927800416
position: [254.0, 0.0, 254.0, 254.0, 0.0, 0.0, 0.0, 0.0, 0.0, 239.0]

seq: 252
secs: 1768905922
nsecs: 944635629
position: [254.0, 0.0, 254.0, 254.0, 0.0, 0.0, 0.0, 0.0, 0.0, 239.0]

seq: 253
secs: 1768905922
nsecs: 961484909
position: [254.0, 0.0, 254.0, 254.0, 0.0, 0.0, 0.0, 0.0, 0.0, 239.0]

seq: 254
secs: 1768905922
nsecs: 978433847
position: [254.0, 0.0, 254.0, 254.0, 0.0, 0.0, 0.0, 0.0, 0.0, 239.0]

seq: 255
secs: 1768905922
nsecs: 995299100
position: [254.0, 0.0, 254.0, 254.0, 0.0, 0.0, 0.0, 0.0, 0.0, 239.0]

seq: 256
secs: 1768905923
nsecs: 12127161
position: [254.0, 0.0, 254.0, 254.0, 0.0, 0.0, 0.0, 0.0, 0.0, 239.0]

seq: 257
secs: 1768905923
nsecs: 28929710
position: [254.0, 0.0, 254.0, 254.0, 0.0, 0.0, 0.0, 0.0, 0.0, 239.0]

seq: 258
secs: 1768905923
nsecs: 45727014
position: [254.0, 0.0, 254.0, 254.0, 0.0, 0.0, 0.0, 0.0, 0.0, 239.0]

seq: 259
secs: 1768905923
nsecs: 62553882
position: [254.0, 0.0, 254.0, 254.0, 0.0, 0.0, 0.0, 0.0, 0.0, 239.0]

seq: 260
secs: 1768905923
nsecs: 79447746
position: [254.0, 0.0, 254.0, 254.0, 0.0, 0.0, 0.0, 0.0, 0.0, 239.0]

seq: 261
secs: 1768905923
nsecs: 96169471
position: [254.0, 0.0, 254.0, 254.0, 0.0, 0.0, 0.0, 0.0, 0.0, 239.0]

seq: 262
secs: 1768905923
nsecs: 112823486
position: [254.0, 0.0, 254.0, 254.0, 0.0, 0.0, 0.0, 0.0, 0.0, 239.0]

seq: 263
secs: 1768905923
nsecs: 129579544
position: [254.0, 0.0, 254.0, 254.0, 0.0, 0.0, 0.0, 0.0, 0.0, 239.0]

seq: 264
secs: 1768905923
nsecs: 146351337
position: [254.0, 0.0, 254.0, 254.0, 0.0, 0.0, 0.0, 0.0, 0.0, 239.0]

seq: 265
secs: 1768905923
nsecs: 163133859
position: [254.0, 0.0, 254.0, 254.0, 0.0, 0.0, 0.0, 0.0, 0.0, 239.0]

seq: 266
secs: 1768905923
nsecs: 179998874
position: [254.0, 0.0, 254.0, 254.0, 0.0, 0.0, 0.0, 0.0, 0.0, 239.0]

seq: 267
secs: 1768905923
nsecs: 196881055
position: [254.0, 0.0, 254.0, 254.0, 0.0, 0.0, 0.0, 0.0, 0.0, 239.0]

seq: 268
secs: 1768905923
nsecs: 213650226
position: [254.0, 0.0, 254.0, 254.0, 0.0, 0.0, 0.0, 0.0, 0.0, 239.0]

seq: 269
secs: 1768905923
nsecs: 230501174
position: [254.0, 0.0, 254.0, 254.0, 0.0, 0.0, 0.0, 0.0, 0.0, 239.0]

seq: 270
secs: 1768905923
nsecs: 247356891
position: [254.0, 0.0, 254.0, 254.0, 0.0, 0.0, 0.0, 0.0, 0.0, 239.0]

seq: 271
secs: 1768905923
nsecs: 264118432
position: [254.0, 0.0, 254.0, 254.0, 0.0, 0.0, 0.0, 0.0, 0.0, 239.0]

seq: 272
secs: 1768905923
nsecs: 280767202
position: [254.0, 0.0, 254.0, 254.0, 0.0, 0.0, 0.0, 0.0, 0.0, 239.0]

seq: 273
secs: 1768905923
nsecs: 297443866
position: [254.0, 0.0, 254.0, 254.0, 0.0, 0.0, 0.0, 0.0, 0.0, 239.0]

seq: 274
secs: 1768905923
nsecs: 314229726
position: [254.0, 0.0, 254.0, 254.0, 0.0, 0.0, 0.0, 0.0, 0.0, 239.0]

seq: 275
secs: 1768905923
nsecs: 331032991
position: [254.0, 0.0, 254.0, 254.0, 0.0, 0.0, 0.0, 0.0, 0.0, 239.0]

seq: 276
secs: 1768905923
nsecs: 347794771
position: [254.0, 0.0, 254.0, 254.0, 0.0, 0.0, 0.0, 0.0, 0.0, 239.0]

seq: 277
secs: 1768905923
nsecs: 364224910
position: [254.0, 0.0, 254.0, 254.0, 0.0, 0.0, 0.0, 0.0, 0.0, 239.0]

seq: 278
secs: 1768905923
nsecs: 380881547
position: [254.0, 0.0, 254.0, 254.0, 0.0, 0.0, 0.0, 0.0, 0.0, 239.0]

seq: 279
secs: 1768905923
nsecs: 397644758
position: [254.0, 0.0, 254.0, 254.0, 0.0, 0.0, 0.0, 0.0, 0.0, 239.0]

seq: 280
secs: 1768905923
nsecs: 414527654
position: [254.0, 0.0, 254.0, 254.0, 0.0, 0.0, 0.0, 0.0, 0.0, 239.0]

seq: 281
secs: 1768905923
nsecs: 431384563
position: [254.0, 0.0, 254.0, 254.0, 0.0, 0.0, 0.0, 0.0, 0.0, 239.0]

seq: 282
secs: 1768905923
nsecs: 448255300
position: [254.0, 0.0, 254.0, 254.0, 0.0, 0.0, 0.0, 0.0, 0.0, 239.0]

seq: 283
secs: 1768905923
nsecs: 465040206
position: [254.0, 0.0, 254.0, 254.0, 0.0, 0.0, 0.0, 0.0, 0.0, 239.0]

seq: 284
secs: 1768905923
nsecs: 481936454
position: [254.0, 0.0, 254.0, 254.0, 0.0, 0.0, 0.0, 0.0, 0.0, 239.0]

seq: 285
secs: 1768905923
nsecs: 498873949
position: [254.0, 0.0, 254.0, 254.0, 0.0, 0.0, 0.0, 0.0, 0.0, 239.0]

seq: 286
secs: 1768905923
nsecs: 515790700
position: [254.0, 0.0, 254.0, 254.0, 0.0, 0.0, 0.0, 0.0, 0.0, 239.0]

seq: 287
secs: 1768905923
nsecs: 532265663
position: [254.0, 0.0, 254.0, 254.0, 0.0, 0.0, 0.0, 0.0, 0.0, 239.0]

seq: 288
secs: 1768905923
nsecs: 548635959
position: [254.0, 0.0, 254.0, 254.0, 0.0, 0.0, 0.0, 0.0, 0.0, 239.0]

seq: 289
secs: 1768905923
nsecs: 565025329
position: [254.0, 0.0, 254.0, 254.0, 0.0, 0.0, 0.0, 0.0, 0.0, 239.0]

seq: 290
secs: 1768905923
nsecs: 581658840
position: [254.0, 0.0, 254.0, 254.0, 0.0, 0.0, 0.0, 0.0, 0.0, 239.0]

seq: 291
secs: 1768905923
nsecs: 598507881
position: [254.0, 0.0, 254.0, 254.0, 0.0, 0.0, 0.0, 0.0, 0.0, 239.0]

seq: 292
secs: 1768905923
nsecs: 615252494
position: [254.0, 0.0, 254.0, 254.0, 0.0, 0.0, 0.0, 0.0, 0.0, 239.0]

seq: 293
secs: 1768905923
nsecs: 632122278
position: [254.0, 0.0, 254.0, 254.0, 0.0, 0.0, 0.0, 0.0, 0.0, 239.0]

seq: 294
secs: 1768905923
nsecs: 648832559
position: [254.0, 0.0, 254.0, 254.0, 0.0, 0.0, 0.0, 0.0, 0.0, 239.0]

seq: 295
secs: 1768905923
nsecs: 665457010
position: [254.0, 0.0, 254.0, 254.0, 0.0, 0.0, 0.0, 0.0, 0.0, 239.0]

seq: 296
secs: 1768905923
nsecs: 682198286
position: [254.0, 0.0, 254.0, 254.0, 0.0, 0.0, 0.0, 0.0, 0.0, 239.0]

seq: 297
secs: 1768905923
nsecs: 698970079
position: [254.0, 0.0, 254.0, 254.0, 0.0, 0.0, 0.0, 0.0, 0.0, 239.0]

seq: 298
secs: 1768905923
nsecs: 715803623
position: [254.0, 0.0, 254.0, 254.0, 0.0, 0.0, 0.0, 0.0, 0.0, 239.0]

seq: 299
secs: 1768905923
nsecs: 732654094
position: [254.0, 0.0, 254.0, 254.0, 0.0, 0.0, 0.0, 0.0, 0.0, 239.0]

seq: 300
secs: 1768905923
nsecs: 749307632
position: [254.0, 0.0, 254.0, 254.0, 0.0, 0.0, 0.0, 0.0, 0.0, 239.0]

seq: 301
secs: 1768905923
nsecs: 766038417
position: [254.0, 0.0, 254.0, 254.0, 0.0, 0.0, 0.0, 0.0, 0.0, 239.0]

seq: 302
secs: 1768905923
nsecs: 782732009
position: [254.0, 0.0, 254.0, 254.0, 0.0, 0.0, 0.0, 0.0, 0.0, 239.0]

seq: 303
secs: 1768905923
nsecs: 799344539
position: [254.0, 0.0, 254.0, 254.0, 0.0, 0.0, 0.0, 0.0, 0.0, 239.0]

seq: 304
secs: 1768905923
nsecs: 815981626
position: [254.0, 0.0, 254.0, 254.0, 0.0, 0.0, 0.0, 0.0, 0.0, 239.0]

seq: 305
secs: 1768905923
nsecs: 832643270
position: [254.0, 0.0, 254.0, 254.0, 0.0, 0.0, 0.0, 0.0, 0.0, 239.0]

seq: 306
secs: 1768905923
nsecs: 849523544
position: [254.0, 0.0, 254.0, 254.0, 0.0, 0.0, 0.0, 0.0, 0.0, 239.0]

seq: 307
secs: 1768905923
nsecs: 866377115
position: [254.0, 0.0, 254.0, 254.0, 0.0, 0.0, 0.0, 0.0, 0.0, 239.0]

seq: 308
secs: 1768905923
nsecs: 883273363
position: [254.0, 0.0, 254.0, 254.0, 0.0, 0.0, 0.0, 0.0, 0.0, 239.0]

seq: 309
secs: 1768905923
nsecs: 900111436
position: [254.0, 0.0, 254.0, 254.0, 0.0, 0.0, 0.0, 0.0, 0.0, 239.0]

seq: 310
secs: 1768905923
nsecs: 916896343
position: [254.0, 0.0, 254.0, 254.0, 0.0, 0.0, 0.0, 0.0, 0.0, 239.0]

seq: 311
secs: 1768905923
nsecs: 933659315
position: [254.0, 0.0, 254.0, 254.0, 0.0, 0.0, 0.0, 0.0, 0.0, 239.0]

seq: 312
secs: 1768905923
nsecs: 950432062
position: [254.0, 0.0, 254.0, 254.0, 0.0, 0.0, 0.0, 0.0, 0.0, 239.0]

seq: 313
secs: 1768905923
nsecs: 967495441
position: [254.0, 0.0, 254.0, 254.0, 0.0, 0.0, 0.0, 0.0, 0.0, 239.0]

seq: 314
secs: 1768905923
nsecs: 984320163
position: [254.0, 0.0, 254.0, 254.0, 0.0, 0.0, 0.0, 0.0, 0.0, 239.0]

seq: 315
secs: 1768905924
nsecs: 1304626
position: [254.0, 0.0, 254.0, 254.0, 0.0, 0.0, 0.0, 0.0, 0.0, 239.0]

seq: 316
secs: 1768905924
nsecs: 18268585
position: [254.0, 0.0, 254.0, 254.0, 0.0, 0.0, 0.0, 0.0, 0.0, 239.0]

seq: 317
secs: 1768905924
nsecs: 35058259
position: [254.0, 0.0, 254.0, 254.0, 0.0, 0.0, 0.0, 0.0, 0.0, 239.0]

seq: 318
secs: 1768905924
nsecs: 51742792
position: [254.0, 0.0, 254.0, 254.0, 0.0, 0.0, 0.0, 0.0, 0.0, 239.0]

seq: 319
secs: 1768905924
nsecs: 68453073
position: [254.0, 0.0, 254.0, 254.0, 0.0, 0.0, 0.0, 0.0, 0.0, 239.0]

seq: 320
secs: 1768905924
nsecs: 85208177
position: [254.0, 0.0, 254.0, 254.0, 0.0, 0.0, 0.0, 0.0, 0.0, 239.0]

seq: 321
secs: 1768905924
nsecs: 101907968
position: [254.0, 0.0, 254.0, 254.0, 0.0, 0.0, 0.0, 0.0, 0.0, 239.0]

seq: 322
secs: 1768905924
nsecs: 119002103
position: [254.0, 0.0, 254.0, 254.0, 0.0, 0.0, 0.0, 0.0, 0.0, 239.0]

seq: 323
secs: 1768905924
nsecs: 135734796
position: [254.0, 0.0, 254.0, 254.0, 0.0, 0.0, 0.0, 0.0, 0.0, 239.0]

seq: 324
secs: 1768905924
nsecs: 152436733
position: [254.0, 0.0, 254.0, 254.0, 0.0, 0.0, 0.0, 0.0, 0.0, 239.0]

seq: 325
secs: 1768905924
nsecs: 169231176
position: [254.0, 0.0, 254.0, 254.0, 0.0, 0.0, 0.0, 0.0, 0.0, 239.0]

seq: 326
secs: 1768905924
nsecs: 186011314
position: [254.0, 0.0, 254.0, 254.0, 0.0, 0.0, 0.0, 0.0, 0.0, 239.0]

seq: 327
secs: 1768905924
nsecs: 202825784
position: [254.0, 0.0, 254.0, 254.0, 0.0, 0.0, 0.0, 0.0, 0.0, 239.0]

seq: 328
secs: 1768905924
nsecs: 219745874
position: [254.0, 0.0, 254.0, 254.0, 0.0, 0.0, 0.0, 0.0, 0.0, 239.0]

seq: 329
secs: 1768905924
nsecs: 236445665
position: [254.0, 0.0, 254.0, 254.0, 0.0, 0.0, 0.0, 0.0, 0.0, 239.0]

seq: 330
secs: 1768905924
nsecs: 253360033
position: [254.0, 0.0, 254.0, 254.0, 0.0, 0.0, 0.0, 0.0, 0.0, 239.0]

seq: 331
secs: 1768905924
nsecs: 270531177
position: [254.0, 0.0, 254.0, 254.0, 0.0, 0.0, 0.0, 0.0, 0.0, 239.0]

seq: 332
secs: 1768905924
nsecs: 287295341
position: [254.0, 0.0, 254.0, 254.0, 0.0, 0.0, 0.0, 0.0, 0.0, 239.0]

seq: 333
secs: 1768905924
nsecs: 304020166
position: [254.0, 0.0, 254.0, 254.0, 0.0, 0.0, 0.0, 0.0, 0.0, 239.0]

seq: 334
secs: 1768905924
nsecs: 320705652
position: [254.0, 0.0, 254.0, 254.0, 0.0, 0.0, 0.0, 0.0, 0.0, 239.0]

seq: 335
secs: 1768905924
nsecs: 337543725
position: [254.0, 0.0, 254.0, 254.0, 0.0, 0.0, 0.0, 0.0, 0.0, 239.0]

seq: 336
secs: 1768905924
nsecs: 354187726
position: [254.0, 0.0, 254.0, 254.0, 0.0, 0.0, 0.0, 0.0, 0.0, 239.0]

seq: 337
secs: 1768905924
nsecs: 371435403
position: [254.0, 0.0, 254.0, 254.0, 0.0, 0.0, 0.0, 0.0, 0.0, 239.0]

seq: 338
secs: 1768905924
nsecs: 388495445
position: [254.0, 0.0, 254.0, 254.0, 0.0, 0.0, 0.0, 0.0, 0.0, 239.0]

seq: 339
secs: 1768905924
nsecs: 405144214
position: [254.0, 0.0, 254.0, 254.0, 0.0, 0.0, 0.0, 0.0, 0.0, 239.0]

seq: 340
secs: 1768905924
nsecs: 421947240
position: [254.0, 0.0, 254.0, 254.0, 0.0, 0.0, 0.0, 0.0, 0.0, 239.0]

seq: 341
secs: 1768905924
nsecs: 438798189
position: [254.0, 0.0, 254.0, 254.0, 0.0, 0.0, 0.0, 0.0, 0.0, 239.0]

seq: 342
secs: 1768905924
nsecs: 455471277
position: [254.0, 0.0, 254.0, 254.0, 0.0, 0.0, 0.0, 0.0, 0.0, 239.0]

seq: 343
secs: 1768905924
nsecs: 472180128
position: [254.0, 0.0, 254.0, 254.0, 0.0, 0.0, 0.0, 0.0, 0.0, 239.0]

seq: 344
secs: 1768905924
nsecs: 488837957
position: [254.0, 0.0, 254.0, 254.0, 0.0, 0.0, 0.0, 0.0, 0.0, 239.0]

seq: 345
secs: 1768905924
nsecs: 505697727
position: [254.0, 0.0, 254.0, 254.0, 0.0, 0.0, 0.0, 0.0, 0.0, 239.0]

seq: 346
secs: 1768905924
nsecs: 522515058
position: [254.0, 0.0, 254.0, 254.0, 0.0, 0.0, 0.0, 0.0, 0.0, 239.0]

seq: 347
secs: 1768905924
nsecs: 539319276
position: [254.0, 0.0, 254.0, 254.0, 0.0, 0.0, 0.0, 0.0, 0.0, 239.0]

seq: 348
secs: 1768905924
nsecs: 556334018
position: [254.0, 0.0, 254.0, 254.0, 0.0, 0.0, 0.0, 0.0, 0.0, 239.0]

seq: 349
secs: 1768905924
nsecs: 572896957
position: [254.0, 0.0, 254.0, 254.0, 0.0, 0.0, 0.0, 0.0, 0.0, 239.0]

seq: 350
secs: 1768905924
nsecs: 589268922
position: [254.0, 0.0, 254.0, 254.0, 0.0, 0.0, 0.0, 0.0, 0.0, 239.0]

seq: 351
secs: 1768905924
nsecs: 605616331
position: [254.0, 0.0, 254.0, 254.0, 0.0, 0.0, 0.0, 0.0, 0.0, 239.0]

seq: 352
secs: 1768905924
nsecs: 622111320
position: [254.0, 0.0, 254.0, 254.0, 0.0, 0.0, 0.0, 0.0, 0.0, 239.0]

seq: 353
secs: 1768905924
nsecs: 639163970
position: [254.0, 0.0, 254.0, 254.0, 0.0, 0.0, 0.0, 0.0, 0.0, 239.0]

seq: 354
secs: 1768905924
nsecs: 656143665
position: [254.0, 0.0, 254.0, 254.0, 0.0, 0.0, 0.0, 0.0, 0.0, 239.0]

seq: 355
secs: 1768905924
nsecs: 672776460
position: [254.0, 0.0, 254.0, 254.0, 0.0, 0.0, 0.0, 0.0, 0.0, 239.0]

seq: 356
secs: 1768905924
nsecs: 689380168
position: [254.0, 0.0, 254.0, 254.0, 0.0, 0.0, 0.0, 0.0, 0.0, 239.0]

seq: 357
secs: 1768905924
nsecs: 706117391
position: [254.0, 0.0, 254.0, 254.0, 0.0, 0.0, 0.0, 0.0, 0.0, 239.0]

seq: 358
secs: 1768905924
nsecs: 723092317
position: [254.0, 0.0, 254.0, 254.0, 0.0, 0.0, 0.0, 0.0, 0.0, 239.0]

seq: 359
secs: 1768905924
nsecs: 739892959
position: [254.0, 0.0, 254.0, 254.0, 0.0, 0.0, 0.0, 0.0, 0.0, 239.0]

seq: 360
secs: 1768905924
nsecs: 756700515
position: [254.0, 0.0, 254.0, 254.0, 0.0, 0.0, 0.0, 0.0, 0.0, 239.0]

seq: 361
secs: 1768905924
nsecs: 773394346
position: [254.0, 0.0, 254.0, 254.0, 0.0, 0.0, 0.0, 0.0, 0.0, 239.0]

seq: 362
secs: 1768905924
nsecs: 790121793
position: [254.0, 0.0, 254.0, 254.0, 0.0, 0.0, 0.0, 0.0, 0.0, 239.0]

seq: 363
secs: 1768905924
nsecs: 806948661
position: [254.0, 0.0, 254.0, 254.0, 0.0, 0.0, 0.0, 0.0, 0.0, 239.0]

seq: 364
secs: 1768905924
nsecs: 823817729
position: [254.0, 0.0, 254.0, 254.0, 0.0, 0.0, 0.0, 0.0, 0.0, 239.0]

seq: 365
secs: 1768905924
nsecs: 840682268
position: [254.0, 0.0, 254.0, 254.0, 0.0, 0.0, 0.0, 0.0, 0.0, 239.0]

seq: 366
secs: 1768905924
nsecs: 857435226
position: [254.0, 0.0, 254.0, 254.0, 0.0, 0.0, 0.0, 0.0, 0.0, 239.0]

seq: 367
secs: 1768905924
nsecs: 874325037
position: [254.0, 0.0, 254.0, 254.0, 0.0, 0.0, 0.0, 0.0, 0.0, 239.0]

seq: 368
secs: 1768905924
nsecs: 891126632
position: [254.0, 0.0, 254.0, 254.0, 0.0, 0.0, 0.0, 0.0, 0.0, 239.0]

seq: 369
secs: 1768905924
nsecs: 908124446
position: [254.0, 0.0, 254.0, 254.0, 0.0, 0.0, 0.0, 0.0, 0.0, 239.0]

seq: 370
secs: 1768905924
nsecs: 924796342
position: [254.0, 0.0, 254.0, 254.0, 0.0, 0.0, 0.0, 0.0, 0.0, 239.0]

seq: 371
secs: 1768905924
nsecs: 941545486
position: [254.0, 0.0, 254.0, 254.0, 0.0, 0.0, 0.0, 0.0, 0.0, 239.0]

seq: 372
secs: 1768905924
nsecs: 958292722
position: [254.0, 0.0, 254.0, 254.0, 0.0, 0.0, 0.0, 0.0, 0.0, 239.0]

seq: 373
secs: 1768905924
nsecs: 975025415
position: [254.0, 0.0, 254.0, 254.0, 0.0, 0.0, 0.0, 0.0, 0.0, 239.0]

seq: 374
secs: 1768905924
nsecs: 991805553
position: [254.0, 0.0, 254.0, 254.0, 0.0, 0.0, 0.0, 0.0, 0.0, 239.0]

seq: 375
secs: 1768905925
nsecs: 8698701
position: [254.0, 0.0, 254.0, 254.0, 0.0, 0.0, 0.0, 0.0, 0.0, 239.0]

seq: 376
secs: 1768905925
nsecs: 25437355
position: [254.0, 0.0, 254.0, 254.0, 0.0, 0.0, 0.0, 0.0, 0.0, 239.0]

seq: 377
secs: 1768905925
nsecs: 41858196
position: [254.0, 0.0, 254.0, 254.0, 0.0, 0.0, 0.0, 0.0, 0.0, 239.0]

seq: 378
secs: 1768905925
nsecs: 58633565
position: [254.0, 0.0, 254.0, 254.0, 0.0, 0.0, 0.0, 0.0, 0.0, 239.0]

seq: 379
secs: 1768905925
nsecs: 75497388
position: [254.0, 0.0, 254.0, 254.0, 0.0, 0.0, 0.0, 0.0, 0.0, 239.0]

seq: 380
secs: 1768905925
nsecs: 92250347
position: [254.0, 0.0, 254.0, 254.0, 0.0, 0.0, 0.0, 0.0, 0.0, 239.0]

seq: 381
secs: 1768905925
nsecs: 108962535
position: [254.0, 0.0, 254.0, 254.0, 0.0, 0.0, 0.0, 0.0, 0.0, 239.0]

seq: 382
secs: 1768905925
nsecs: 125811100
position: [254.0, 0.0, 254.0, 254.0, 0.0, 0.0, 0.0, 0.0, 0.0, 239.0]

seq: 383
secs: 1768905925
nsecs: 142843246
position: [254.0, 0.0, 254.0, 254.0, 0.0, 0.0, 0.0, 0.0, 0.0, 239.0]

seq: 384
secs: 1768905925
nsecs: 159751176
position: [254.0, 0.0, 254.0, 254.0, 0.0, 0.0, 0.0, 0.0, 0.0, 239.0]

seq: 385
secs: 1768905925
nsecs: 176621675
position: [254.0, 0.0, 254.0, 254.0, 0.0, 0.0, 0.0, 0.0, 0.0, 239.0]

seq: 386
secs: 1768905925
nsecs: 193552970
position: [254.0, 0.0, 254.0, 254.0, 0.0, 0.0, 0.0, 0.0, 0.0, 239.0]

seq: 387
secs: 1768905925
nsecs: 210509538
position: [254.0, 0.0, 254.0, 254.0, 0.0, 0.0, 0.0, 0.0, 0.0, 239.0]

seq: 388
secs: 1768905925
nsecs: 227389097
position: [254.0, 0.0, 254.0, 254.0, 0.0, 0.0, 0.0, 0.0, 0.0, 239.0]

seq: 389
secs: 1768905925
nsecs: 244516849
position: [254.0, 0.0, 254.0, 254.0, 0.0, 0.0, 0.0, 0.0, 0.0, 239.0]

seq: 390
secs: 1768905925
nsecs: 261260509
position: [254.0, 0.0, 254.0, 254.0, 0.0, 0.0, 0.0, 0.0, 0.0, 239.0]

seq: 391
secs: 1768905925
nsecs: 278077125
position: [254.0, 0.0, 254.0, 254.0, 0.0, 0.0, 0.0, 0.0, 0.0, 239.0]

seq: 392
secs: 1768905925
nsecs: 294939279
position: [254.0, 0.0, 254.0, 254.0, 0.0, 0.0, 0.0, 0.0, 0.0, 239.0]

seq: 393
secs: 1768905925
nsecs: 311993122
position: [254.0, 0.0, 254.0, 254.0, 0.0, 0.0, 0.0, 0.0, 0.0, 239.0]

seq: 394
secs: 1768905925
nsecs: 328946352
position: [254.0, 0.0, 254.0, 254.0, 0.0, 0.0, 0.0, 0.0, 0.0, 239.0]

seq: 395
secs: 1768905925
nsecs: 345869302
position: [254.0, 0.0, 254.0, 254.0, 0.0, 0.0, 0.0, 0.0, 0.0, 239.0]

seq: 396
secs: 1768905925
nsecs: 362864732
position: [254.0, 0.0, 254.0, 254.0, 0.0, 0.0, 0.0, 0.0, 0.0, 239.0]

seq: 397
secs: 1768905925
nsecs: 379782676
position: [254.0, 0.0, 254.0, 254.0, 0.0, 0.0, 0.0, 0.0, 0.0, 239.0]

seq: 398
secs: 1768905925
nsecs: 396712779
position: [254.0, 0.0, 254.0, 254.0, 0.0, 0.0, 0.0, 0.0, 0.0, 239.0]

seq: 399
secs: 1768905925
nsecs: 413646936
position: [254.0, 0.0, 254.0, 254.0, 0.0, 0.0, 0.0, 0.0, 0.0, 239.0]

seq: 400
secs: 1768905925
nsecs: 430507183
position: [254.0, 0.0, 254.0, 254.0, 0.0, 0.0, 0.0, 0.0, 0.0, 239.0]

seq: 401
secs: 1768905925
nsecs: 447357416
position: [254.0, 0.0, 254.0, 254.0, 0.0, 0.0, 0.0, 0.0, 0.0, 239.0]

seq: 402
secs: 1768905925
nsecs: 464294672
position: [254.0, 0.0, 254.0, 254.0, 0.0, 0.0, 0.0, 0.0, 0.0, 239.0]

seq: 403
secs: 1768905925
nsecs: 480918884
position: [254.0, 0.0, 254.0, 254.0, 0.0, 0.0, 0.0, 0.0, 0.0, 239.0]

seq: 404
secs: 1768905925
nsecs: 497647047
position: [254.0, 0.0, 254.0, 254.0, 0.0, 0.0, 0.0, 0.0, 0.0, 239.0]

seq: 405
secs: 1768905925
nsecs: 514461755
position: [254.0, 0.0, 254.0, 254.0, 0.0, 0.0, 0.0, 0.0, 0.0, 239.0]

seq: 406
secs: 1768905925
nsecs: 531334877
position: [254.0, 0.0, 254.0, 254.0, 0.0, 0.0, 0.0, 0.0, 0.0, 239.0]

seq: 407
secs: 1768905925
nsecs: 548194885
position: [254.0, 0.0, 254.0, 254.0, 0.0, 0.0, 0.0, 0.0, 0.0, 239.0]

seq: 408
secs: 1768905925
nsecs: 564857006
position: [254.0, 0.0, 254.0, 254.0, 0.0, 0.0, 0.0, 0.0, 0.0, 239.0]

seq: 409
secs: 1768905925
nsecs: 581570625
position: [254.0, 0.0, 254.0, 254.0, 0.0, 0.0, 0.0, 0.0, 0.0, 239.0]

seq: 410
secs: 1768905925
nsecs: 598617792
position: [254.0, 0.0, 254.0, 254.0, 0.0, 0.0, 0.0, 0.0, 0.0, 239.0]

seq: 411
secs: 1768905925
nsecs: 615300655
position: [254.0, 0.0, 254.0, 254.0, 0.0, 0.0, 0.0, 0.0, 0.0, 239.0]

seq: 412
secs: 1768905925
nsecs: 631925582
position: [254.0, 0.0, 254.0, 254.0, 0.0, 0.0, 0.0, 0.0, 0.0, 239.0]

seq: 413
secs: 1768905925
nsecs: 648400545
position: [254.0, 0.0, 254.0, 254.0, 0.0, 0.0, 0.0, 0.0, 0.0, 239.0]

seq: 414
secs: 1768905925
nsecs: 665176153
position: [254.0, 0.0, 254.0, 254.0, 0.0, 0.0, 0.0, 0.0, 0.0, 239.0]

seq: 415
secs: 1768905925
nsecs: 682038068
position: [254.0, 0.0, 254.0, 254.0, 0.0, 0.0, 0.0, 0.0, 0.0, 239.0]

seq: 416
secs: 1768905925
nsecs: 699007272
position: [254.0, 0.0, 254.0, 254.0, 0.0, 0.0, 0.0, 0.0, 0.0, 239.0]

seq: 417
secs: 1768905925
nsecs: 716039419
position: [254.0, 0.0, 254.0, 254.0, 0.0, 0.0, 0.0, 0.0, 0.0, 239.0]

seq: 418
secs: 1768905925
nsecs: 733007669
position: [254.0, 0.0, 254.0, 254.0, 0.0, 0.0, 0.0, 0.0, 0.0, 239.0]

seq: 419
secs: 1768905925
nsecs: 749958515
position: [254.0, 0.0, 254.0, 254.0, 0.0, 0.0, 0.0, 0.0, 0.0, 239.0]

seq: 420
secs: 1768905925
nsecs: 767002820
position: [254.0, 0.0, 254.0, 254.0, 0.0, 0.0, 0.0, 0.0, 0.0, 239.0]

seq: 421
secs: 1768905925
nsecs: 784058332
position: [254.0, 0.0, 254.0, 254.0, 0.0, 0.0, 0.0, 0.0, 0.0, 239.0]

seq: 422
secs: 1768905925
nsecs: 800926923
position: [254.0, 0.0, 254.0, 254.0, 0.0, 0.0, 0.0, 0.0, 0.0, 239.0]

seq: 423
secs: 1768905925
nsecs: 817739963
position: [254.0, 0.0, 254.0, 254.0, 0.0, 0.0, 0.0, 0.0, 0.0, 239.0]

seq: 424
secs: 1768905925
nsecs: 834557533
position: [254.0, 0.0, 254.0, 254.0, 0.0, 0.0, 0.0, 0.0, 0.0, 239.0]

seq: 425
secs: 1768905925
nsecs: 851506233
position: [254.0, 0.0, 254.0, 254.0, 0.0, 0.0, 0.0, 0.0, 0.0, 239.0]

seq: 426
secs: 1768905925
nsecs: 868351697
position: [254.0, 0.0, 254.0, 254.0, 0.0, 0.0, 0.0, 0.0, 0.0, 239.0]

seq: 427
secs: 1768905925
nsecs: 885207653
position: [254.0, 0.0, 254.0, 254.0, 0.0, 0.0, 0.0, 0.0, 0.0, 239.0]

seq: 428
secs: 1768905925
nsecs: 902165412
position: [254.0, 0.0, 254.0, 254.0, 0.0, 0.0, 0.0, 0.0, 0.0, 239.0]

seq: 429
secs: 1768905925
nsecs: 919072151
position: [254.0, 0.0, 254.0, 254.0, 0.0, 0.0, 0.0, 0.0, 0.0, 239.0]

seq: 430
secs: 1768905925
nsecs: 935995817
position: [254.0, 0.0, 254.0, 254.0, 0.0, 0.0, 0.0, 0.0, 0.0, 239.0]

seq: 431
secs: 1768905925
nsecs: 952919483
position: [254.0, 0.0, 254.0, 254.0, 0.0, 0.0, 0.0, 0.0, 0.0, 239.0]

seq: 432
secs: 1768905925
nsecs: 969717979
position: [254.0, 0.0, 254.0, 254.0, 0.0, 0.0, 0.0, 0.0, 0.0, 239.0]

seq: 433
secs: 1768905925
nsecs: 986641645
position: [254.0, 0.0, 254.0, 254.0, 0.0, 0.0, 0.0, 0.0, 0.0, 239.0]

seq: 434
secs: 1768905926
nsecs: 3470897
position: [254.0, 0.0, 254.0, 254.0, 0.0, 0.0, 0.0, 0.0, 0.0, 239.0]

seq: 435
secs: 1768905926
nsecs: 20423173
position: [254.0, 0.0, 254.0, 254.0, 0.0, 0.0, 0.0, 0.0, 0.0, 239.0]

seq: 436
secs: 1768905926
nsecs: 37190675
position: [254.0, 0.0, 254.0, 254.0, 0.0, 0.0, 0.0, 0.0, 0.0, 239.0]

seq: 437
secs: 1768905926
nsecs: 54147005
position: [254.0, 0.0, 254.0, 254.0, 0.0, 0.0, 0.0, 0.0, 0.0, 239.0]

seq: 438
secs: 1768905926
nsecs: 70987939
position: [254.0, 0.0, 254.0, 254.0, 0.0, 0.0, 0.0, 0.0, 0.0, 239.0]

seq: 439
secs: 1768905926
nsecs: 87869644
position: [254.0, 0.0, 254.0, 254.0, 0.0, 0.0, 0.0, 0.0, 0.0, 239.0]

seq: 440
secs: 1768905926
nsecs: 104928970
position: [254.0, 0.0, 254.0, 254.0, 0.0, 0.0, 0.0, 0.0, 0.0, 239.0]

seq: 441
secs: 1768905926
nsecs: 121717453
position: [254.0, 0.0, 254.0, 254.0, 0.0, 0.0, 0.0, 0.0, 0.0, 239.0]

seq: 442
secs: 1768905926
nsecs: 138580560
position: [254.0, 0.0, 254.0, 254.0, 0.0, 0.0, 0.0, 0.0, 0.0, 239.0]

seq: 443
secs: 1768905926
nsecs: 155435323
position: [254.0, 0.0, 254.0, 254.0, 0.0, 0.0, 0.0, 0.0, 0.0, 239.0]

seq: 444
secs: 1768905926
nsecs: 172166824
position: [254.0, 0.0, 254.0, 254.0, 0.0, 0.0, 0.0, 0.0, 0.0, 239.0]

seq: 445
secs: 1768905926
nsecs: 189152717
position: [254.0, 0.0, 254.0, 254.0, 0.0, 0.0, 0.0, 0.0, 0.0, 239.0]

seq: 446
secs: 1768905926
nsecs: 205848693
position: [254.0, 0.0, 254.0, 254.0, 0.0, 0.0, 0.0, 0.0, 0.0, 239.0]

seq: 447
secs: 1768905926
nsecs: 222737550
position: [254.0, 0.0, 254.0, 254.0, 0.0, 0.0, 0.0, 0.0, 0.0, 239.0]

seq: 448
secs: 1768905926
nsecs: 239614009
position: [254.0, 0.0, 254.0, 254.0, 0.0, 0.0, 0.0, 0.0, 0.0, 239.0]

seq: 449
secs: 1768905926
nsecs: 256459236
position: [254.0, 0.0, 254.0, 254.0, 0.0, 0.0, 0.0, 0.0, 0.0, 239.0]

seq: 450
secs: 1768905926
nsecs: 273254632
position: [254.0, 0.0, 254.0, 254.0, 0.0, 0.0, 0.0, 0.0, 0.0, 239.0]

seq: 451
secs: 1768905926
nsecs: 290112733
position: [254.0, 0.0, 254.0, 254.0, 0.0, 0.0, 0.0, 0.0, 0.0, 239.0]

seq: 452
secs: 1768905926
nsecs: 307055473
position: [254.0, 0.0, 254.0, 254.0, 0.0, 0.0, 0.0, 0.0, 0.0, 239.0]

seq: 453
secs: 1768905926
nsecs: 324070215
position: [254.0, 0.0, 254.0, 254.0, 0.0, 0.0, 0.0, 0.0, 0.0, 239.0]

seq: 454
secs: 1768905926
nsecs: 340842962
position: [254.0, 0.0, 254.0, 254.0, 0.0, 0.0, 0.0, 0.0, 0.0, 239.0]

seq: 455
secs: 1768905926
nsecs: 357568740
position: [254.0, 0.0, 254.0, 254.0, 0.0, 0.0, 0.0, 0.0, 0.0, 239.0]

seq: 456
secs: 1768905926
nsecs: 374225854
position: [254.0, 0.0, 254.0, 254.0, 0.0, 0.0, 0.0, 0.0, 0.0, 239.0]

seq: 457
secs: 1768905926
nsecs: 390966892
position: [254.0, 0.0, 254.0, 254.0, 0.0, 0.0, 0.0, 0.0, 0.0, 239.0]

seq: 458
secs: 1768905926
nsecs: 407812833
position: [254.0, 0.0, 254.0, 254.0, 0.0, 0.0, 0.0, 0.0, 0.0, 239.0]

seq: 459
secs: 1768905926
nsecs: 424691915
position: [254.0, 0.0, 254.0, 254.0, 0.0, 0.0, 0.0, 0.0, 0.0, 239.0]

seq: 460
secs: 1768905926
nsecs: 441574096
position: [254.0, 0.0, 254.0, 254.0, 0.0, 0.0, 0.0, 0.0, 0.0, 239.0]

seq: 461
secs: 1768905926
nsecs: 458545207
position: [254.0, 0.0, 254.0, 254.0, 0.0, 0.0, 0.0, 0.0, 0.0, 239.0]

seq: 462
secs: 1768905926
nsecs: 475331544
position: [254.0, 0.0, 254.0, 254.0, 0.0, 0.0, 0.0, 0.0, 0.0, 239.0]

seq: 463
secs: 1768905926
nsecs: 492108106
position: [254.0, 0.0, 254.0, 254.0, 0.0, 0.0, 0.0, 0.0, 0.0, 239.0]

seq: 464
secs: 1768905926
nsecs: 508834123
position: [254.0, 0.0, 254.0, 254.0, 0.0, 0.0, 0.0, 0.0, 0.0, 239.0]

seq: 465
secs: 1768905926
nsecs: 525675296
position: [254.0, 0.0, 254.0, 254.0, 0.0, 0.0, 0.0, 0.0, 0.0, 239.0]

seq: 466
secs: 1768905926
nsecs: 542607307
position: [254.0, 0.0, 254.0, 254.0, 0.0, 0.0, 0.0, 0.0, 0.0, 239.0]

seq: 467
secs: 1768905926
nsecs: 559427261
position: [254.0, 0.0, 254.0, 254.0, 0.0, 0.0, 0.0, 0.0, 0.0, 239.0]

seq: 468
secs: 1768905926
nsecs: 576150178
position: [254.0, 0.0, 254.0, 254.0, 0.0, 0.0, 0.0, 0.0, 0.0, 239.0]

seq: 469
secs: 1768905926
nsecs: 592846155
position: [254.0, 0.0, 254.0, 254.0, 0.0, 0.0, 0.0, 0.0, 0.0, 239.0]

seq: 470
secs: 1768905926
nsecs: 609671115
position: [254.0, 0.0, 254.0, 254.0, 0.0, 0.0, 0.0, 0.0, 0.0, 239.0]

seq: 471
secs: 1768905926
nsecs: 626613616
position: [254.0, 0.0, 254.0, 254.0, 0.0, 0.0, 0.0, 0.0, 0.0, 239.0]

seq: 472
secs: 1768905926
nsecs: 643384933
position: [254.0, 0.0, 254.0, 254.0, 0.0, 0.0, 0.0, 0.0, 0.0, 239.0]

seq: 473
secs: 1768905926
nsecs: 659784793
position: [254.0, 0.0, 254.0, 254.0, 0.0, 0.0, 0.0, 0.0, 0.0, 239.0]

seq: 474
secs: 1768905926
nsecs: 676097631
position: [254.0, 0.0, 254.0, 254.0, 0.0, 0.0, 0.0, 0.0, 0.0, 239.0]

seq: 475
secs: 1768905926
nsecs: 692801713
position: [254.0, 0.0, 254.0, 254.0, 0.0, 0.0, 0.0, 0.0, 0.0, 239.0]

seq: 476
secs: 1768905926
nsecs: 709590435
position: [254.0, 0.0, 254.0, 254.0, 0.0, 0.0, 0.0, 0.0, 0.0, 239.0]

seq: 477
secs: 1768905926
nsecs: 726497650
position: [254.0, 0.0, 254.0, 254.0, 0.0, 0.0, 0.0, 0.0, 0.0, 239.0]

seq: 478
secs: 1768905926
nsecs: 743294477
position: [254.0, 0.0, 254.0, 254.0, 0.0, 0.0, 0.0, 0.0, 0.0, 239.0]

seq: 479
secs: 1768905926
nsecs: 760321855
position: [254.0, 0.0, 254.0, 254.0, 0.0, 0.0, 0.0, 0.0, 0.0, 239.0]

seq: 480
secs: 1768905926
nsecs: 777226209
position: [254.0, 0.0, 254.0, 254.0, 0.0, 0.0, 0.0, 0.0, 0.0, 239.0]

seq: 481
secs: 1768905926
nsecs: 794190883
position: [254.0, 0.0, 254.0, 254.0, 0.0, 0.0, 0.0, 0.0, 0.0, 239.0]

seq: 482
secs: 1768905926
nsecs: 811053276
position: [254.0, 0.0, 254.0, 254.0, 0.0, 0.0, 0.0, 0.0, 0.0, 239.0]

seq: 483
secs: 1768905926
nsecs: 828109502
position: [254.0, 0.0, 254.0, 254.0, 0.0, 0.0, 0.0, 0.0, 0.0, 239.0]

seq: 484
secs: 1768905926
nsecs: 844795227
position: [254.0, 0.0, 254.0, 254.0, 0.0, 0.0, 0.0, 0.0, 0.0, 239.0]

seq: 485
secs: 1768905926
nsecs: 866343021
position: [254.0, 0.0, 254.0, 254.0, 0.0, 0.0, 0.0, 0.0, 0.0, 239.0]

seq: 486
secs: 1768905926
nsecs: 883084774
position: [254.0, 0.0, 254.0, 254.0, 0.0, 0.0, 0.0, 0.0, 0.0, 239.0]

seq: 487
secs: 1768905926
nsecs: 899931430
position: [254.0, 0.0, 254.0, 254.0, 0.0, 0.0, 0.0, 0.0, 0.0, 239.0]

seq: 488
secs: 1768905926
nsecs: 916706800
position: [254.0, 0.0, 254.0, 254.0, 0.0, 0.0, 0.0, 0.0, 0.0, 239.0]

seq: 489
secs: 1768905926
nsecs: 933460235
position: [254.0, 0.0, 254.0, 254.0, 0.0, 0.0, 0.0, 0.0, 0.0, 239.0]

seq: 490
secs: 1768905926
nsecs: 950394630
position: [254.0, 0.0, 254.0, 254.0, 0.0, 0.0, 0.0, 0.0, 0.0, 239.0]

seq: 491
secs: 1768905926
nsecs: 967234849
position: [254.0, 0.0, 254.0, 254.0, 0.0, 0.0, 0.0, 0.0, 0.0, 239.0]

seq: 492
secs: 1768905926
nsecs: 983887434
position: [254.0, 0.0, 254.0, 254.0, 0.0, 0.0, 0.0, 0.0, 0.0, 239.0]

seq: 493
secs: 1768905927
nsecs: 849485
position: [254.0, 0.0, 254.0, 254.0, 0.0, 0.0, 0.0, 0.0, 0.0, 239.0]

seq: 494
secs: 1768905927
nsecs: 17861366
position: [254.0, 0.0, 254.0, 254.0, 0.0, 0.0, 0.0, 0.0, 0.0, 239.0]

seq: 495
secs: 1768905927
nsecs: 34724712
position: [254.0, 0.0, 254.0, 254.0, 0.0, 0.0, 0.0, 0.0, 0.0, 239.0]

seq: 496
secs: 1768905927
nsecs: 51660060
position: [254.0, 0.0, 254.0, 254.0, 0.0, 0.0, 0.0, 0.0, 0.0, 239.0]

seq: 497
secs: 1768905927
nsecs: 68356275
position: [254.0, 0.0, 254.0, 254.0, 0.0, 0.0, 0.0, 0.0, 0.0, 239.0]

seq: 498
secs: 1768905927
nsecs: 85199356
position: [254.0, 0.0, 254.0, 254.0, 0.0, 0.0, 0.0, 0.0, 0.0, 239.0]

seq: 499
secs: 1768905927
nsecs: 101809978
position: [254.0, 0.0, 254.0, 254.0, 0.0, 0.0, 0.0, 0.0, 0.0, 239.0]

seq: 500
secs: 1768905927
nsecs: 118748188
position: [254.0, 0.0, 254.0, 254.0, 0.0, 0.0, 0.0, 0.0, 0.0, 239.0]

seq: 501
secs: 1768905927
nsecs: 135610818
position: [254.0, 0.0, 254.0, 254.0, 0.0, 0.0, 0.0, 0.0, 0.0, 239.0]

seq: 502
secs: 1768905927
nsecs: 152631044
position: [254.0, 0.0, 254.0, 254.0, 0.0, 0.0, 0.0, 0.0, 0.0, 239.0]

seq: 503
secs: 1768905927
nsecs: 169587373
position: [254.0, 0.0, 254.0, 254.0, 0.0, 0.0, 0.0, 0.0, 0.0, 239.0]

seq: 504
secs: 1768905927
nsecs: 186442613
position: [254.0, 0.0, 254.0, 254.0, 0.0, 0.0, 0.0, 0.0, 0.0, 239.0]

seq: 505
secs: 1768905927
nsecs: 203289270
position: [254.0, 0.0, 254.0, 254.0, 0.0, 0.0, 0.0, 0.0, 0.0, 239.0]

seq: 506
secs: 1768905927
nsecs: 220247507
position: [254.0, 0.0, 254.0, 254.0, 0.0, 0.0, 0.0, 0.0, 0.0, 239.0]

seq: 507
secs: 1768905927
nsecs: 237260341
position: [254.0, 0.0, 254.0, 254.0, 0.0, 0.0, 0.0, 0.0, 0.0, 239.0]

seq: 508
secs: 1768905927
nsecs: 254185676
position: [254.0, 0.0, 254.0, 254.0, 0.0, 0.0, 0.0, 0.0, 0.0, 239.0]

seq: 509
secs: 1768905927
nsecs: 271148204
position: [254.0, 0.0, 254.0, 254.0, 0.0, 0.0, 0.0, 0.0, 0.0, 239.0]

seq: 510
secs: 1768905927
nsecs: 287975072
position: [254.0, 0.0, 254.0, 254.0, 0.0, 0.0, 0.0, 0.0, 0.0, 239.0]

seq: 511
secs: 1768905927
nsecs: 304891109
position: [254.0, 0.0, 254.0, 254.0, 0.0, 0.0, 0.0, 0.0, 0.0, 239.0]

seq: 512
secs: 1768905927
nsecs: 321640014
position: [254.0, 0.0, 254.0, 254.0, 0.0, 0.0, 0.0, 0.0, 0.0, 239.0]

seq: 513
secs: 1768905927
nsecs: 338590860
position: [254.0, 0.0, 254.0, 254.0, 0.0, 0.0, 0.0, 0.0, 0.0, 239.0]

seq: 514
secs: 1768905927
nsecs: 355522871
position: [254.0, 0.0, 254.0, 254.0, 0.0, 0.0, 0.0, 0.0, 0.0, 239.0]

seq: 515
secs: 1768905927
nsecs: 372442722
position: [254.0, 0.0, 254.0, 254.0, 0.0, 0.0, 0.0, 0.0, 0.0, 239.0]

seq: 516
secs: 1768905927
nsecs: 389162540
position: [254.0, 0.0, 254.0, 254.0, 0.0, 0.0, 0.0, 0.0, 0.0, 239.0]

seq: 517
secs: 1768905927
nsecs: 405807018
position: [254.0, 0.0, 254.0, 254.0, 0.0, 0.0, 0.0, 0.0, 0.0, 239.0]

seq: 518
secs: 1768905927
nsecs: 422821521
position: [254.0, 0.0, 254.0, 254.0, 0.0, 0.0, 0.0, 0.0, 0.0, 239.0]

seq: 519
secs: 1768905927
nsecs: 439596176
position: [254.0, 0.0, 254.0, 254.0, 0.0, 0.0, 0.0, 0.0, 0.0, 239.0]

seq: 520
secs: 1768905927
nsecs: 456284999
position: [254.0, 0.0, 254.0, 254.0, 0.0, 0.0, 0.0, 0.0, 0.0, 239.0]

seq: 521
secs: 1768905927
nsecs: 472976207
position: [254.0, 0.0, 254.0, 254.0, 0.0, 0.0, 0.0, 0.0, 0.0, 239.0]

seq: 522
secs: 1768905927
nsecs: 489561796
position: [254.0, 0.0, 254.0, 254.0, 0.0, 0.0, 0.0, 0.0, 0.0, 239.0]

seq: 523
secs: 1768905927
nsecs: 506203174
position: [254.0, 0.0, 254.0, 254.0, 0.0, 0.0, 0.0, 0.0, 0.0, 239.0]

seq: 524
secs: 1768905927
nsecs: 522807836
position: [254.0, 0.0, 254.0, 254.0, 0.0, 0.0, 0.0, 0.0, 0.0, 239.0]

seq: 525
secs: 1768905927
nsecs: 539527654
position: [254.0, 0.0, 254.0, 254.0, 0.0, 0.0, 0.0, 0.0, 0.0, 239.0]

seq: 526
secs: 1768905927
nsecs: 555845737
position: [254.0, 0.0, 254.0, 254.0, 0.0, 0.0, 0.0, 0.0, 0.0, 239.0]

seq: 527
secs: 1768905927
nsecs: 572354793
position: [254.0, 0.0, 254.0, 254.0, 0.0, 0.0, 0.0, 0.0, 0.0, 239.0]

seq: 528
secs: 1768905927
nsecs: 588775873
position: [254.0, 0.0, 254.0, 254.0, 0.0, 0.0, 0.0, 0.0, 0.0, 239.0]

seq: 529
secs: 1768905927
nsecs: 605524301
position: [254.0, 0.0, 254.0, 254.0, 0.0, 0.0, 0.0, 0.0, 0.0, 239.0]

seq: 530
secs: 1768905927
nsecs: 622364521
position: [254.0, 0.0, 254.0, 254.0, 0.0, 0.0, 0.0, 0.0, 0.0, 239.0]

seq: 531
secs: 1768905927
nsecs: 639202594
position: [254.0, 0.0, 254.0, 254.0, 0.0, 0.0, 0.0, 0.0, 0.0, 239.0]

seq: 532
secs: 1768905927
nsecs: 655940055
position: [254.0, 0.0, 254.0, 254.0, 0.0, 0.0, 0.0, 0.0, 0.0, 239.0]

seq: 533
secs: 1768905927
nsecs: 672715425
position: [254.0, 0.0, 254.0, 254.0, 0.0, 0.0, 0.0, 0.0, 0.0, 239.0]

seq: 534
secs: 1768905927
nsecs: 689287185
position: [254.0, 0.0, 254.0, 254.0, 0.0, 0.0, 0.0, 0.0, 0.0, 239.0]

seq: 535
secs: 1768905927
nsecs: 705687284
position: [254.0, 0.0, 254.0, 254.0, 0.0, 0.0, 0.0, 0.0, 0.0, 239.0]

seq: 536
secs: 1768905927
nsecs: 722004413
position: [254.0, 0.0, 254.0, 254.0, 0.0, 0.0, 0.0, 0.0, 0.0, 239.0]

seq: 537
secs: 1768905927
nsecs: 738553047
position: [254.0, 0.0, 254.0, 254.0, 0.0, 0.0, 0.0, 0.0, 0.0, 239.0]

seq: 538
secs: 1768905927
nsecs: 755345344
position: [254.0, 0.0, 254.0, 254.0, 0.0, 0.0, 0.0, 0.0, 0.0, 239.0]

seq: 539
secs: 1768905927
nsecs: 772128820
position: [254.0, 0.0, 254.0, 254.0, 0.0, 0.0, 0.0, 0.0, 0.0, 239.0]

seq: 540
secs: 1768905927
nsecs: 788828134
position: [254.0, 0.0, 254.0, 254.0, 0.0, 0.0, 0.0, 0.0, 0.0, 239.0]

seq: 541
secs: 1768905927
nsecs: 805575609
position: [254.0, 0.0, 254.0, 254.0, 0.0, 0.0, 0.0, 0.0, 0.0, 239.0]

seq: 542
secs: 1768905927
nsecs: 822269678
position: [254.0, 0.0, 254.0, 254.0, 0.0, 0.0, 0.0, 0.0, 0.0, 239.0]

seq: 543
secs: 1768905927
nsecs: 839068651
position: [254.0, 0.0, 254.0, 254.0, 0.0, 0.0, 0.0, 0.0, 0.0, 239.0]

seq: 544
secs: 1768905927
nsecs: 855817794
position: [254.0, 0.0, 254.0, 254.0, 0.0, 0.0, 0.0, 0.0, 0.0, 239.0]

seq: 545
secs: 1768905927
nsecs: 872427463
position: [254.0, 0.0, 254.0, 254.0, 0.0, 0.0, 0.0, 0.0, 0.0, 239.0]

seq: 546
secs: 1768905927
nsecs: 889185190
position: [254.0, 0.0, 254.0, 254.0, 0.0, 0.0, 0.0, 0.0, 0.0, 239.0]

seq: 547
secs: 1768905927
nsecs: 905965566
position: [254.0, 0.0, 254.0, 254.0, 0.0, 0.0, 0.0, 0.0, 0.0, 239.0]

seq: 548
secs: 1768905927
nsecs: 922678470
position: [254.0, 0.0, 254.0, 254.0, 0.0, 0.0, 0.0, 0.0, 0.0, 239.0]

seq: 549
secs: 1768905927
nsecs: 939359903
position: [254.0, 0.0, 254.0, 254.0, 0.0, 0.0, 0.0, 0.0, 0.0, 239.0]

seq: 550
secs: 1768905927
nsecs: 956205606
position: [254.0, 0.0, 254.0, 254.0, 0.0, 0.0, 0.0, 0.0, 0.0, 239.0]

seq: 551
secs: 1768905927
nsecs: 972821235
position: [254.0, 0.0, 254.0, 254.0, 0.0, 0.0, 0.0, 0.0, 0.0, 239.0]

seq: 552
secs: 1768905927
nsecs: 989528417
position: [254.0, 0.0, 254.0, 254.0, 0.0, 0.0, 0.0, 0.0, 0.0, 239.0]

seq: 553
secs: 1768905928
nsecs: 6449937
position: [254.0, 0.0, 254.0, 254.0, 0.0, 0.0, 0.0, 0.0, 0.0, 239.0]

seq: 554
secs: 1768905928
nsecs: 23337841
position: [254.0, 0.0, 254.0, 254.0, 0.0, 0.0, 0.0, 0.0, 0.0, 239.0]

seq: 555
secs: 1768905928
nsecs: 40329217
position: [254.0, 0.0, 254.0, 254.0, 0.0, 0.0, 0.0, 0.0, 0.0, 239.0]

seq: 556
secs: 1768905928
nsecs: 57235717
position: [254.0, 0.0, 254.0, 254.0, 0.0, 0.0, 0.0, 0.0, 0.0, 239.0]

seq: 557
secs: 1768905928
nsecs: 74133157
position: [254.0, 0.0, 254.0, 254.0, 0.0, 0.0, 0.0, 0.0, 0.0, 239.0]

seq: 558
secs: 1768905928
nsecs: 90751647
position: [254.0, 0.0, 254.0, 254.0, 0.0, 0.0, 0.0, 0.0, 0.0, 239.0]

seq: 559
secs: 1768905928
nsecs: 107533216
position: [254.0, 0.0, 254.0, 254.0, 0.0, 0.0, 0.0, 0.0, 0.0, 239.0]

seq: 560
secs: 1768905928
nsecs: 124393701
position: [254.0, 0.0, 254.0, 254.0, 0.0, 0.0, 0.0, 0.0, 0.0, 239.0]

seq: 561
secs: 1768905928
nsecs: 141178846
position: [254.0, 0.0, 254.0, 254.0, 0.0, 0.0, 0.0, 0.0, 0.0, 239.0]

seq: 562
secs: 1768905928
nsecs: 158117532
position: [254.0, 0.0, 254.0, 254.0, 0.0, 0.0, 0.0, 0.0, 0.0, 239.0]

seq: 563
secs: 1768905928
nsecs: 174987316
position: [254.0, 0.0, 254.0, 254.0, 0.0, 0.0, 0.0, 0.0, 0.0, 239.0]

seq: 564
secs: 1768905928
nsecs: 192066192
position: [254.0, 0.0, 254.0, 254.0, 0.0, 0.0, 0.0, 0.0, 0.0, 239.0]

seq: 565
secs: 1768905928
nsecs: 208863735
position: [254.0, 0.0, 254.0, 254.0, 0.0, 0.0, 0.0, 0.0, 0.0, 239.0]

seq: 566
secs: 1768905928
nsecs: 225557088
position: [254.0, 0.0, 254.0, 254.0, 0.0, 0.0, 0.0, 0.0, 0.0, 239.0]

seq: 567
secs: 1768905928
nsecs: 242427587
position: [254.0, 0.0, 254.0, 254.0, 0.0, 0.0, 0.0, 0.0, 0.0, 239.0]

seq: 568
secs: 1768905928
nsecs: 259399890
position: [254.0, 0.0, 254.0, 254.0, 0.0, 0.0, 0.0, 0.0, 0.0, 239.0]

seq: 569
secs: 1768905928
nsecs: 276151657
position: [254.0, 0.0, 254.0, 254.0, 0.0, 0.0, 0.0, 0.0, 0.0, 239.0]

seq: 570
secs: 1768905928
nsecs: 292958736
position: [254.0, 0.0, 254.0, 254.0, 0.0, 0.0, 0.0, 0.0, 0.0, 239.0]

seq: 571
secs: 1768905928
nsecs: 309767961
position: [254.0, 0.0, 254.0, 254.0, 0.0, 0.0, 0.0, 0.0, 0.0, 239.0]

seq: 572
secs: 1768905928
nsecs: 326658248
position: [254.0, 0.0, 254.0, 254.0, 0.0, 0.0, 0.0, 0.0, 0.0, 239.0]

seq: 573
secs: 1768905928
nsecs: 343216419
position: [254.0, 0.0, 254.0, 254.0, 0.0, 0.0, 0.0, 0.0, 0.0, 239.0]

seq: 574
secs: 1768905928
nsecs: 359724283
position: [254.0, 0.0, 254.0, 254.0, 0.0, 0.0, 0.0, 0.0, 0.0, 239.0]

seq: 575
secs: 1768905928
nsecs: 376428842
position: [254.0, 0.0, 254.0, 254.0, 0.0, 0.0, 0.0, 0.0, 0.0, 239.0]

seq: 576
secs: 1768905928
nsecs: 393115758
position: [254.0, 0.0, 254.0, 254.0, 0.0, 0.0, 0.0, 0.0, 0.0, 239.0]

seq: 577
secs: 1768905928
nsecs: 409731626
position: [254.0, 0.0, 254.0, 254.0, 0.0, 0.0, 0.0, 0.0, 0.0, 239.0]

seq: 578
secs: 1768905928
nsecs: 426725149
position: [254.0, 0.0, 254.0, 254.0, 0.0, 0.0, 0.0, 0.0, 0.0, 239.0]

seq: 579
secs: 1768905928
nsecs: 443658828
position: [254.0, 0.0, 254.0, 254.0, 0.0, 0.0, 0.0, 0.0, 0.0, 239.0]

seq: 580
secs: 1768905928
nsecs: 460443496
position: [254.0, 0.0, 254.0, 254.0, 0.0, 0.0, 0.0, 0.0, 0.0, 239.0]

seq: 581
secs: 1768905928
nsecs: 477060556
position: [254.0, 0.0, 254.0, 254.0, 0.0, 0.0, 0.0, 0.0, 0.0, 239.0]

seq: 582
secs: 1768905928
nsecs: 493767976
position: [254.0, 0.0, 254.0, 254.0, 0.0, 0.0, 0.0, 0.0, 0.0, 239.0]

seq: 583
secs: 1768905928
nsecs: 510602235
position: [254.0, 0.0, 254.0, 254.0, 0.0, 0.0, 0.0, 0.0, 0.0, 239.0]

seq: 584
secs: 1768905928
nsecs: 527443408
position: [254.0, 0.0, 254.0, 254.0, 0.0, 0.0, 0.0, 0.0, 0.0, 239.0]

seq: 585
secs: 1768905928
nsecs: 544288158
position: [254.0, 0.0, 254.0, 254.0, 0.0, 0.0, 0.0, 0.0, 0.0, 239.0]

seq: 586
secs: 1768905928
nsecs: 561047315
position: [254.0, 0.0, 254.0, 254.0, 0.0, 0.0, 0.0, 0.0, 0.0, 239.0]

seq: 587
secs: 1768905928
nsecs: 577873468
position: [254.0, 0.0, 254.0, 254.0, 0.0, 0.0, 0.0, 0.0, 0.0, 239.0]

seq: 588
secs: 1768905928
nsecs: 594707012
position: [254.0, 0.0, 254.0, 254.0, 0.0, 0.0, 0.0, 0.0, 0.0, 239.0]

seq: 589
secs: 1768905928
nsecs: 611641168
position: [254.0, 0.0, 254.0, 254.0, 0.0, 0.0, 0.0, 0.0, 0.0, 239.0]

seq: 590
secs: 1768905928
nsecs: 628399610
position: [254.0, 0.0, 254.0, 254.0, 0.0, 0.0, 0.0, 0.0, 0.0, 239.0]

seq: 591
secs: 1768905928
nsecs: 645250558
position: [254.0, 0.0, 254.0, 254.0, 0.0, 0.0, 0.0, 0.0, 0.0, 239.0]

seq: 592
secs: 1768905928
nsecs: 662296295
position: [254.0, 0.0, 254.0, 254.0, 0.0, 0.0, 0.0, 0.0, 0.0, 239.0]

seq: 593
secs: 1768905928
nsecs: 679135560
position: [254.0, 0.0, 254.0, 254.0, 0.0, 0.0, 0.0, 0.0, 0.0, 239.0]

seq: 594
secs: 1768905928
nsecs: 696076631
position: [254.0, 0.0, 254.0, 254.0, 0.0, 0.0, 0.0, 0.0, 0.0, 239.0]

seq: 595
secs: 1768905928
nsecs: 712818145
position: [254.0, 0.0, 254.0, 254.0, 0.0, 0.0, 0.0, 0.0, 0.0, 239.0]

seq: 596
secs: 1768905928
nsecs: 729377269
position: [254.0, 0.0, 254.0, 254.0, 0.0, 0.0, 0.0, 0.0, 0.0, 239.0]

seq: 597
secs: 1768905928
nsecs: 745835781
position: [254.0, 0.0, 254.0, 254.0, 0.0, 0.0, 0.0, 0.0, 0.0, 239.0]

seq: 598
secs: 1768905928
nsecs: 762153625
position: [254.0, 0.0, 254.0, 254.0, 0.0, 0.0, 0.0, 0.0, 0.0, 239.0]

seq: 599
secs: 1768905928
nsecs: 778743028
position: [254.0, 0.0, 254.0, 254.0, 0.0, 0.0, 0.0, 0.0, 0.0, 239.0]

seq: 600
secs: 1768905928
nsecs: 795614957
position: [254.0, 0.0, 254.0, 254.0, 0.0, 0.0, 0.0, 0.0, 0.0, 239.0]

seq: 601
secs: 1768905928
nsecs: 812371969
position: [254.0, 0.0, 254.0, 254.0, 0.0, 0.0, 0.0, 0.0, 0.0, 239.0]

seq: 602
secs: 1768905928
nsecs: 829164505
position: [254.0, 0.0, 254.0, 254.0, 0.0, 0.0, 0.0, 0.0, 0.0, 239.0]

seq: 603
secs: 1768905928
nsecs: 845933914
position: [254.0, 0.0, 254.0, 254.0, 0.0, 0.0, 0.0, 0.0, 0.0, 239.0]

seq: 604
secs: 1768905928
nsecs: 862715244
position: [254.0, 0.0, 254.0, 254.0, 0.0, 0.0, 0.0, 0.0, 0.0, 239.0]

seq: 605
secs: 1768905928
nsecs: 879426717
position: [254.0, 0.0, 254.0, 254.0, 0.0, 0.0, 0.0, 0.0, 0.0, 239.0]

seq: 606
secs: 1768905928
nsecs: 896026611
position: [254.0, 0.0, 254.0, 254.0, 0.0, 0.0, 0.0, 0.0, 0.0, 239.0]

seq: 607
secs: 1768905928
nsecs: 912734508
position: [254.0, 0.0, 254.0, 254.0, 0.0, 0.0, 0.0, 0.0, 0.0, 239.0]

seq: 608
secs: 1768905928
nsecs: 929568529
position: [254.0, 0.0, 254.0, 254.0, 0.0, 0.0, 0.0, 0.0, 0.0, 239.0]

seq: 609
secs: 1768905928
nsecs: 946327447
position: [254.0, 0.0, 254.0, 254.0, 0.0, 0.0, 0.0, 0.0, 0.0, 239.0]

seq: 610
secs: 1768905928
nsecs: 963193655
position: [254.0, 0.0, 254.0, 254.0, 0.0, 0.0, 0.0, 0.0, 0.0, 239.0]

seq: 611
secs: 1768905928
nsecs: 979964494
position: [254.0, 0.0, 254.0, 254.0, 0.0, 0.0, 0.0, 0.0, 0.0, 239.0]

seq: 612
secs: 1768905928
nsecs: 996764421
position: [254.0, 0.0, 254.0, 254.0, 0.0, 0.0, 0.0, 0.0, 0.0, 239.0]

seq: 613
secs: 1768905929
nsecs: 13583898
position: [254.0, 0.0, 254.0, 254.0, 0.0, 0.0, 0.0, 0.0, 0.0, 239.0]

seq: 614
secs: 1768905929
nsecs: 30246257
position: [254.0, 0.0, 254.0, 254.0, 0.0, 0.0, 0.0, 0.0, 0.0, 239.0]

seq: 615
secs: 1768905929
nsecs: 46962022
position: [254.0, 0.0, 254.0, 254.0, 0.0, 0.0, 0.0, 0.0, 0.0, 239.0]

seq: 616
secs: 1768905929
nsecs: 63701868
position: [254.0, 0.0, 254.0, 254.0, 0.0, 0.0, 0.0, 0.0, 0.0, 239.0]

seq: 617
secs: 1768905929
nsecs: 80332994
position: [254.0, 0.0, 254.0, 254.0, 0.0, 0.0, 0.0, 0.0, 0.0, 239.0]

seq: 618
secs: 1768905929
nsecs: 96827030
position: [254.0, 0.0, 254.0, 254.0, 0.0, 0.0, 0.0, 0.0, 0.0, 239.0]

seq: 619
secs: 1768905929
nsecs: 113598346
position: [254.0, 0.0, 254.0, 254.0, 0.0, 0.0, 0.0, 0.0, 0.0, 239.0]

seq: 620
secs: 1768905929
nsecs: 130341291
position: [254.0, 0.0, 254.0, 254.0, 0.0, 0.0, 0.0, 0.0, 0.0, 239.0]

seq: 621
secs: 1768905929
nsecs: 147183179
position: [254.0, 0.0, 254.0, 254.0, 0.0, 0.0, 0.0, 0.0, 0.0, 239.0]

seq: 622
secs: 1768905929
nsecs: 164066553
position: [254.0, 0.0, 254.0, 254.0, 0.0, 0.0, 0.0, 0.0, 0.0, 239.0]

seq: 623
secs: 1768905929
nsecs: 180872917
position: [254.0, 0.0, 254.0, 254.0, 0.0, 0.0, 0.0, 0.0, 0.0, 239.0]

seq: 624
secs: 1768905929
nsecs: 197659254
position: [254.0, 0.0, 254.0, 254.0, 0.0, 0.0, 0.0, 0.0, 0.0, 239.0]

seq: 625
secs: 1768905929
nsecs: 214495897
position: [254.0, 0.0, 254.0, 254.0, 0.0, 0.0, 0.0, 0.0, 0.0, 239.0]

seq: 626
secs: 1768905929
nsecs: 231326103
position: [254.0, 0.0, 254.0, 254.0, 0.0, 0.0, 0.0, 0.0, 0.0, 239.0]

seq: 627
secs: 1768905929
nsecs: 247956037
position: [254.0, 0.0, 254.0, 254.0, 0.0, 0.0, 0.0, 0.0, 0.0, 239.0]

seq: 628
secs: 1768905929
nsecs: 264678716
position: [254.0, 0.0, 254.0, 254.0, 0.0, 0.0, 0.0, 0.0, 0.0, 239.0]

seq: 629
secs: 1768905929
nsecs: 281692743
position: [254.0, 0.0, 254.0, 254.0, 0.0, 0.0, 0.0, 0.0, 0.0, 239.0]

seq: 630
secs: 1768905929
nsecs: 298427343
position: [254.0, 0.0, 254.0, 254.0, 0.0, 0.0, 0.0, 0.0, 0.0, 239.0]

seq: 631
secs: 1768905929
nsecs: 315257549
position: [254.0, 0.0, 254.0, 254.0, 0.0, 0.0, 0.0, 0.0, 0.0, 239.0]

seq: 632
secs: 1768905929
nsecs: 331909894
position: [254.0, 0.0, 254.0, 254.0, 0.0, 0.0, 0.0, 0.0, 0.0, 239.0]

seq: 633
secs: 1768905929
nsecs: 348905563
position: [254.0, 0.0, 254.0, 254.0, 0.0, 0.0, 0.0, 0.0, 0.0, 239.0]

seq: 634
secs: 1768905929
nsecs: 365594625
position: [254.0, 0.0, 254.0, 254.0, 0.0, 0.0, 0.0, 0.0, 0.0, 239.0]

seq: 635
secs: 1768905929
nsecs: 382409811
position: [254.0, 0.0, 254.0, 254.0, 0.0, 0.0, 0.0, 0.0, 0.0, 239.0]

seq: 636
secs: 1768905929
nsecs: 399101257
position: [254.0, 0.0, 254.0, 254.0, 0.0, 0.0, 0.0, 0.0, 0.0, 239.0]

seq: 637
secs: 1768905929
nsecs: 415914535
position: [254.0, 0.0, 254.0, 254.0, 0.0, 0.0, 0.0, 0.0, 0.0, 239.0]

seq: 638
secs: 1768905929
nsecs: 432966709
position: [254.0, 0.0, 254.0, 254.0, 0.0, 0.0, 0.0, 0.0, 0.0, 239.0]

seq: 639
secs: 1768905929
nsecs: 449723720
position: [254.0, 0.0, 254.0, 254.0, 0.0, 0.0, 0.0, 0.0, 0.0, 239.0]

seq: 640
secs: 1768905929
nsecs: 466541051
position: [254.0, 0.0, 254.0, 254.0, 0.0, 0.0, 0.0, 0.0, 0.0, 239.0]

seq: 641
secs: 1768905929
nsecs: 483367204
position: [254.0, 0.0, 254.0, 254.0, 0.0, 0.0, 0.0, 0.0, 0.0, 239.0]

seq: 642
secs: 1768905929
nsecs: 500040292
position: [254.0, 0.0, 254.0, 254.0, 0.0, 0.0, 0.0, 0.0, 0.0, 239.0]

seq: 643
secs: 1768905929
nsecs: 516864299
position: [254.0, 0.0, 254.0, 254.0, 0.0, 0.0, 0.0, 0.0, 0.0, 239.0]

seq: 644
secs: 1768905929
nsecs: 533571958
position: [254.0, 0.0, 254.0, 254.0, 0.0, 0.0, 0.0, 0.0, 0.0, 239.0]

seq: 645
secs: 1768905929
nsecs: 550291299
position: [254.0, 0.0, 254.0, 254.0, 0.0, 0.0, 0.0, 0.0, 0.0, 239.0]

seq: 646
secs: 1768905929
nsecs: 567032814
position: [254.0, 0.0, 254.0, 254.0, 0.0, 0.0, 0.0, 0.0, 0.0, 239.0]

seq: 647
secs: 1768905929
nsecs: 583867073
position: [254.0, 0.0, 254.0, 254.0, 0.0, 0.0, 0.0, 0.0, 0.0, 239.0]

seq: 648
secs: 1768905929
nsecs: 600700378
position: [254.0, 0.0, 254.0, 254.0, 0.0, 0.0, 0.0, 0.0, 0.0, 239.0]

seq: 649
secs: 1768905929
nsecs: 617472410
position: [254.0, 0.0, 254.0, 254.0, 0.0, 0.0, 0.0, 0.0, 0.0, 239.0]

seq: 650
secs: 1768905929
nsecs: 634260892
position: [254.0, 0.0, 254.0, 254.0, 0.0, 0.0, 0.0, 0.0, 0.0, 239.0]

seq: 651
secs: 1768905929
nsecs: 651093721
position: [254.0, 0.0, 254.0, 254.0, 0.0, 0.0, 0.0, 0.0, 0.0, 239.0]

seq: 652
secs: 1768905929
nsecs: 668007135
position: [254.0, 0.0, 254.0, 254.0, 0.0, 0.0, 0.0, 0.0, 0.0, 239.0]

seq: 653
secs: 1768905929
nsecs: 684787034
position: [254.0, 0.0, 254.0, 254.0, 0.0, 0.0, 0.0, 0.0, 0.0, 239.0]

seq: 654
secs: 1768905929
nsecs: 701570749
position: [254.0, 0.0, 254.0, 254.0, 0.0, 0.0, 0.0, 0.0, 0.0, 239.0]

seq: 655
secs: 1768905929
nsecs: 718300819
position: [254.0, 0.0, 254.0, 254.0, 0.0, 0.0, 0.0, 0.0, 0.0, 239.0]

seq: 656
secs: 1768905929
nsecs: 734899759
position: [254.0, 0.0, 254.0, 254.0, 0.0, 0.0, 0.0, 0.0, 0.0, 239.0]

seq: 657
secs: 1768905929
nsecs: 751594543
position: [254.0, 0.0, 254.0, 254.0, 0.0, 0.0, 0.0, 0.0, 0.0, 239.0]

seq: 658
secs: 1768905929
nsecs: 768338918
position: [254.0, 0.0, 254.0, 254.0, 0.0, 0.0, 0.0, 0.0, 0.0, 239.0]

seq: 659
secs: 1768905929
nsecs: 784788131
position: [254.0, 0.0, 254.0, 254.0, 0.0, 0.0, 0.0, 0.0, 0.0, 239.0]

seq: 660
secs: 1768905929
nsecs: 801287889
position: [254.0, 0.0, 254.0, 254.0, 0.0, 0.0, 0.0, 0.0, 0.0, 239.0]

seq: 661
secs: 1768905929
nsecs: 817732095
position: [254.0, 0.0, 254.0, 254.0, 0.0, 0.0, 0.0, 0.0, 0.0, 239.0]

seq: 662
secs: 1768905929
nsecs: 834395647
position: [254.0, 0.0, 254.0, 254.0, 0.0, 0.0, 0.0, 0.0, 0.0, 239.0]

seq: 663
secs: 1768905929
nsecs: 851161718
position: [254.0, 0.0, 254.0, 254.0, 0.0, 0.0, 0.0, 0.0, 0.0, 239.0]

seq: 664
secs: 1768905929
nsecs: 867978334
position: [254.0, 0.0, 254.0, 254.0, 0.0, 0.0, 0.0, 0.0, 0.0, 239.0]

seq: 665
secs: 1768905929
nsecs: 884791135
position: [254.0, 0.0, 254.0, 254.0, 0.0, 0.0, 0.0, 0.0, 0.0, 239.0]

