41.01401138 -16.06246758 75.74250793 45.66691971 -91.49691772 -78.57720947
41.01622391 -16.06004524 75.74053192 45.66818237 -91.49752808 -78.57571411
41.01652527 -16.06002617 75.74110413 45.66805649 -91.49758911 -78.57649231
41.01599503 -16.05792618 75.74176025 45.66709900 -91.49752808 -78.57632446
41.01503372 -16.05906296 75.74258423 45.66766739 -91.49791718 -78.57594299
41.01631165 -16.06063652 75.74192810 45.66980362 -91.49731445 -78.57553864
41.01548767 -16.05799103 75.74231720 45.66863632 -91.49738312 -78.57760620
41.01647186 -16.05916977 75.74218750 45.66967773 -91.49736786 -78.57582092
41.01513290 -16.05825996 75.74228668 45.66894531 -91.49784088 -78.57704926
41.01582718 -16.06035805 75.74162292 45.66610336 -91.49818420 -78.57740021
41.01441956 -16.05614090 75.74146271 45.66933441 -91.49817657 -78.57608795
41.01655579 -16.06213379 75.74252319 45.66752243 -91.49710083 -78.57719421
41.01462555 -16.06008339 75.74172974 45.66957855 -91.49777985 -78.57646179
41.01686096 -16.06037903 75.74100494 45.66887283 -91.49781036 -78.57711792
41.01605225 -16.05901337 75.74178314 45.66893387 -91.49798584 -78.57648468
41.01534653 -16.05807495 75.74140930 45.66891479 -91.49813080 -78.57646942
41.01645279 -16.05715942 75.74212646 45.66797638 -91.49768829 -78.57681274
41.01631927 -16.06318283 75.74234009 45.66657257 -91.49779510 -78.57731628
41.01635742 -16.05583572 75.74293518 45.66899109 -91.49768829 -78.57656860
41.01527786 -16.05761337 75.74163055 45.66833115 -91.49777222 -78.57766724
41.01614761 -16.06104088 75.74221039 45.66773224 -91.49767303 -78.57678223
41.01657486 -16.06041718 75.74238586 45.66869354 -91.49800873 -78.57669830
41.01626587 -16.05795288 75.74255371 45.66864777 -91.49813843 -78.57662964
41.01675415 -16.05776596 75.74332428 45.66708374 -91.49832153 -78.57638550
41.01548004 -16.06177330 75.74208832 45.66770172 -91.49732971 -78.57611847
41.01768494 -16.05726624 75.74054718 45.66982269 -91.49767303 -78.57611084
41.01719284 -16.06096268 75.74250793 45.67009735 -91.49773407 -78.57621002
41.01505661 -16.06057739 75.74092865 45.66895294 -91.49799347 -78.57652283
41.01610947 -16.05792427 75.74097443 45.66873550 -91.49826050 -78.57658386
41.01549530 -16.05762863 75.74178314 45.66851425 -91.49758911 -78.57676697
41.01491928 -16.05589104 75.74178314 45.66851425 -91.49839020 -78.57683563
41.01527405 -16.05843544 75.74172211 45.66835022 -91.49736786 -78.57688904
41.01660919 -16.06374550 75.74186707 45.66854095 -91.49758911 -78.57633209
41.01581573 -16.05547905 75.74188995 45.66657639 -91.49753571 -78.57764435
41.01679993 -16.05859375 75.74169922 45.66851425 -91.49739838 -78.57672119
41.01663589 -16.05645180 75.74157715 45.66748428 -91.49777985 -78.57595062
41.01521301 -16.05800056 75.74114227 45.66960144 -91.49761200 -78.57663727
41.01704788 -16.05714226 75.74148560 45.67038727 -91.49784088 -78.57711029
41.01494980 -16.05693817 75.74321747 45.66815948 -91.49796295 -78.57695007
41.01528931 -16.05980682 75.74170685 45.66815567 -91.49760437 -78.57633209
41.01615524 -16.06080246 75.74290466 45.66872787 -91.49822998 -78.57663727
41.01591110 -16.06304550 75.74156189 45.66828537 -91.49799347 -78.57640076
41.01480484 -16.05756569 75.74180603 45.66786575 -91.49748230 -78.57784271
41.01556778 -16.06095314 75.74194336 45.66809464 -91.49760437 -78.57666016
41.01591492 -16.05660248 75.74221802 45.66779327 -91.49746704 -78.57644653
41.01807022 -16.05846977 75.74227142 45.66968536 -91.49745941 -78.57720947
41.01837540 -16.05785370 75.74263763 45.66917038 -91.49843597 -78.57705688
41.01636505 -16.05916023 75.74195862 45.66810608 -91.49758911 -78.57698822
41.01723099 -16.05442047 75.74169159 45.66929626 -91.49742889 -78.57662201
41.01633835 -16.05831528 75.74135590 45.66866302 -91.49755859 -78.57613373
41.01407242 -16.06023788 75.74089813 45.66883850 -91.49759674 -78.57647705
41.01607513 -16.05842781 75.74174500 45.66693878 -91.49855804 -78.57643127
41.44887924 -2.84344602 65.05546570 43.14589691 -91.38658142 -78.15505219
41.63809967 2.99287224 60.33937836 42.03337479 -91.33764648 -77.96813965
41.49055862 -1.51721978 63.98308563 42.89310074 -91.37559509 -78.11367798
41.34172440 -6.02211142 67.62470245 43.75217056 -91.41294861 -78.25625610
41.19562531 -10.52750492 71.26785278 44.61394501 -91.45187378 -78.39988708
41.04922104 -15.02790928 74.91014099 45.47422409 -91.48889923 -78.54372406
41.01539230 -16.05951118 75.74129486 45.66896820 -91.49604034 -78.57638550
41.01349640 -16.05924797 75.74027252 45.66852188 -91.49751282 -78.57633209
41.01650620 -16.05766487 75.74177551 45.66942978 -91.49753571 -78.57691956
41.01695633 -16.05559731 75.74215698 45.66796875 -91.49805450 -78.57677460
41.01725388 -16.05839920 75.74053192 45.66847610 -91.49769592 -78.57717133
41.01645279 -16.05727959 75.74207306 45.67037201 -91.49742126 -78.57689667
