-35.38922119 -0.54410291 -28.07785416 -19.48439598 50.05071640 35.07887650
-35.38914490 -0.54779947 -28.07904816 -19.48542404 50.04913712 35.07877350
-35.39010239 -0.54664844 -28.07790565 -19.48587608 50.04980469 35.07913208
-35.34930420 -0.57834083 -28.09287834 -19.42625618 50.05828857 35.06870651
-34.82094955 -0.97883904 -28.28987885 -18.64612007 50.17116928 34.93473816
-34.29223633 -1.37862468 -28.49161148 -17.86319351 50.28227615 34.79794312
-33.76356506 -1.77880156 -28.69012833 -17.08371735 50.39585876 34.66426468
-33.23524475 -2.18587112 -28.88993454 -16.29821968 50.50803757 34.52996063
-32.70733261 -2.58447552 -29.08761978 -15.51893806 50.62001038 34.39591217
-32.17782211 -2.98618793 -29.28747177 -14.73637772 50.73307037 34.26001740
-31.64944649 -3.38602424 -29.48619461 -13.95433235 50.84523392 34.12538910
-31.12039566 -3.79077935 -29.68670082 -13.17009354 50.95697021 33.99118042
-30.59281731 -4.18962145 -29.88666725 -12.38910007 51.07006454 33.85722733
-30.06418991 -4.59315395 -30.08389282 -11.60777855 51.18157959 33.72144699
-29.53407860 -4.99732447 -30.28398323 -10.82611084 51.29406738 33.58549118
-29.00683212 -5.39412308 -30.48272705 -10.04248619 51.40633774 33.45345688
-28.47806358 -5.79649591 -30.68127251 -9.26169395 51.51847458 33.31749344
-27.95027733 -6.19523048 -30.87993240 -8.47985554 51.63080597 33.18196106
-27.42018890 -6.60019398 -31.07995796 -7.69866514 51.74382019 33.04819489
-26.89112091 -7.00004101 -31.27748489 -6.91703415 51.85545349 32.91308212
-26.36118317 -7.40302658 -31.47607040 -6.13697863 51.96857452 32.77852631
-25.83409882 -7.80332661 -31.67672729 -5.35175753 52.08081818 32.64403152
-25.30523491 -8.20936584 -31.87516022 -4.57077885 52.19326782 32.50962067
-24.77830696 -8.60535526 -32.07317352 -3.78604221 52.30499268 32.37446213
-24.24750519 -9.01073647 -32.27289963 -3.00110006 52.41720200 32.23949432
-23.71870995 -9.41154957 -32.47210312 -2.22556782 52.52974319 32.10555267
-23.19193077 -9.81053925 -32.67150879 -1.44099581 52.64255142 31.97073555
-21.84083176 -10.64566326 -33.88722229 1.07384050 52.92651749 31.62565422
-21.57474899 -10.59732151 -34.87009811 2.10655713 52.98377228 31.55754471
-21.30513191 -10.55764580 -35.85369873 3.13979435 53.04101181 31.48895454
-21.04012871 -10.51268387 -36.83671188 4.17536688 53.09752655 31.42004967
-20.77250862 -10.47428513 -37.82120514 5.20236683 53.15422821 31.35248375
-20.50695229 -10.42732430 -38.80541992 6.23724651 53.21152115 31.28290749
-20.23902702 -10.38297653 -39.78785324 7.27264357 53.26820374 31.21482468
-19.96976662 -10.34252548 -40.77262115 8.30696392 53.32472229 31.14627457
-19.70357323 -10.29868126 -41.75642776 9.34021091 53.38191605 31.07831764
-19.43646240 -10.25485802 -42.73912048 10.37187958 53.43852997 31.00891876
-19.17040443 -10.21263123 -43.72280502 11.40657806 53.49500275 30.94139862
-18.90202713 -10.17228317 -44.70569611 12.43696213 53.55297089 30.87310791
-18.63567924 -10.12941933 -45.68976212 13.47718430 53.60951614 30.80438232
-18.36895561 -10.09050655 -46.67396545 14.50578976 53.66633987 30.73631859
-18.10081673 -10.04332066 -47.65689850 15.53856850 53.72319031 30.66816521
-17.83255577 -9.99789333 -48.64212418 16.57195854 53.77987289 30.59862900
-17.56384468 -9.95420361 -49.62496948 17.60341835 53.83686447 30.53065491
-17.29833221 -9.91192055 -50.60803223 18.63575363 53.89397430 30.46198273
-17.03296089 -9.86999798 -51.59141541 19.67287064 53.95036697 30.39396095
-16.76610565 -9.82816219 -52.57561111 20.70390320 54.00757599 30.32534599
-16.49873734 -9.78381824 -53.55799103 21.73776054 54.06493378 30.25635529
-16.22984123 -9.74363136 -54.54220963 22.77017403 54.12127686 30.18896484
-15.96040154 -9.70250607 -55.52561569 23.80300331 54.17820358 30.12085915
-15.72380733 -9.63007927 -56.52244186 24.81194496 54.22964859 30.05842018
-15.72269058 -7.24060011 -65.11444855 31.02065468 54.22997665 30.06116295
-15.72163677 -7.23970604 -65.11454773 31.02012825 54.23060226 30.06110764
-15.72544765 -7.23831320 -65.11425018 31.01940155 54.23092651 30.06188202
-15.72399330 -7.23731375 -65.11433411 31.01955414 54.23046494 30.06202888
-15.72376537 -7.23970270 -65.11435699 31.01884270 54.23059464 30.06157303
-15.72389221 -7.24122429 -65.11473846 31.01847076 54.23053741 30.06220818
-15.72503567 -7.23913240 -65.11443329 31.01708603 54.23069382 30.06130219
-15.72382355 -7.40309095 -64.53135681 30.59561157 54.23062897 30.06096077
-15.72148991 -15.48938656 -35.48075485 9.62889099 54.22886276 30.05841827
-15.72298717 -15.49131489 -35.47997665 9.62886143 54.22863388 30.05870819
-15.72103786 -15.48650932 -35.47943497 9.63194561 54.22874832 30.05881691
-15.72059250 -15.48885536 -35.48015594 9.62942123 54.22863388 30.05755997
-15.72067356 -15.48954964 -35.48041534 9.63241386 54.22878265 30.05704498
