-35.39085007 -0.54774398 -28.07782936 -19.48689461 50.04862976 35.07830429
-35.39031219 -0.54316336 -28.07948685 -19.48706245 50.05033493 35.07928085
-35.39036179 -0.54548150 -28.07955170 -19.48634338 50.04946136 35.07844925
-35.39089203 -0.54599577 -28.07802010 -19.48600960 50.04920197 35.07820892
-35.39099121 -0.53961343 -28.07994652 -19.48739052 50.04925156 35.07886124
-35.38924789 -0.54325211 -28.07946205 -19.48676872 50.04996872 35.08011246
-34.73060989 -0.72075343 -29.43229675 -17.63484192 50.12514114 34.84619522
-34.01757050 -0.91306883 -30.90345573 -15.61657715 50.20882416 34.59319687
-33.30575943 -1.10953009 -32.37282944 -13.60526276 50.29358292 34.33759689
-32.59059906 -1.30615950 -33.84001541 -11.59555435 50.37632751 34.08374405
-31.87732124 -1.49430978 -35.30990219 -9.57606220 50.45862198 33.83003235
-31.16371918 -1.68924761 -36.77985001 -7.56129265 50.54156876 33.57464600
-30.45154762 -1.87524652 -38.24836349 -5.54707766 50.62417984 33.32230377
-29.73550034 -2.06948519 -39.71780014 -3.52806664 50.70787430 33.06653595
-29.02082253 -2.25971031 -41.18803787 -1.51402676 50.79174805 32.81395721
-28.30816460 -2.45328116 -42.65644073 0.50014967 50.87544632 32.56084061
-27.59403038 -2.64766979 -44.12673950 2.51125884 50.95783997 32.30598450
-26.88015175 -2.84063506 -45.59582138 4.52150154 51.04030609 32.05445862
-26.16751099 -3.03069091 -47.06385422 6.53867054 51.12466812 31.79937172
-25.45466423 -3.22390389 -48.53399277 8.54989719 51.20666122 31.54426193
-24.73991013 -3.42014027 -50.00331879 10.56189156 51.29026031 31.29132271
-24.02659416 -3.60825348 -51.47268677 12.58168030 51.37205505 31.03920937
-23.35081100 -3.79129434 -52.86076736 14.48491859 51.45285034 30.79836845
-23.35045242 -3.79426742 -52.86125946 14.48446178 51.45271683 30.79754639
-23.34988976 -3.79182529 -52.86112595 14.48699379 51.45145035 30.79846382
-23.35211372 -3.05224943 -55.77651596 16.66122818 51.45155716 30.79804039
-23.35086060 -1.90695727 -60.28879929 20.02492332 51.45316315 30.79910469
-23.35118294 -0.76237136 -64.80054474 23.39251518 51.45190811 30.79894638
-23.34937096 0.39392316 -69.31168365 26.75960541 51.45175934 30.80103302
-23.34889793 1.52902997 -73.82258606 30.12495422 51.45177841 30.80124092
-23.35251045 1.72042799 -74.59033966 30.69763947 51.45315933 30.80294609
-23.35262299 1.72670782 -74.58895111 30.69615555 51.45251465 30.80253601
-23.35180283 1.72776711 -74.58997345 30.69734955 51.45299530 30.80154228
-23.35139275 1.73380196 -74.58917236 30.69703102 51.45335007 30.80156898
-23.35229874 1.72723675 -74.58712769 30.69657516 51.45257950 30.80203819
-23.35140419 1.72607970 -74.58841705 30.69849014 51.45242310 30.80279541
-23.35301018 1.72977865 -74.58873749 30.69696808 51.45234680 30.80329132
-23.35203743 1.72346878 -74.58831787 30.69426155 51.45214844 30.80289841
-23.34973335 1.72691298 -74.58848572 30.69478798 51.45341492 30.80144501
-23.35159874 1.72547889 -74.58840179 30.69438362 51.45293808 30.80287170
-23.35289764 1.72973847 -74.58815002 30.69365692 51.45390701 30.80287552
-23.35305786 1.72362971 -74.59002686 30.69518280 51.45225906 30.80154037
-23.35127449 1.72259188 -74.58931732 30.69488525 51.45297623 30.80339241
-23.35112953 1.72360063 -74.58943939 30.69678688 51.45314789 30.80150223
-23.35349274 1.72345829 -74.58885193 30.69455719 51.45345306 30.80269051
-23.35066414 1.72964561 -74.58921051 30.69416618 51.45307159 30.80365944
-23.35226631 1.72541666 -74.58937836 30.69492340 51.45358276 30.80250168
-23.34981155 1.72352970 -74.59000397 30.69305038 51.45285034 30.80151176
-23.35364723 1.72488856 -74.59066772 30.69522476 51.45165253 30.80319214
-23.35121727 1.72179615 -74.59072876 30.69338799 51.45280457 30.80156708
-23.35255814 1.72593594 -74.59014893 30.69450760 51.45237350 30.80330086
-23.34884262 -1.43879938 -62.13212585 21.40039062 51.45215225 30.80127525
-23.34873962 -3.78744650 -52.85995483 14.48324203 51.45224380 30.79824257
-23.35361099 -3.79606271 -52.86017609 14.48524380 51.45160294 30.79950714
-23.35012245 -3.78399825 -52.86135483 14.48946476 51.45108414 30.79834747
-23.34878922 -3.79504299 -52.86153412 14.48707676 51.45252991 30.79834557
-23.35274124 -3.79287076 -52.85973740 14.48808098 51.45097351 30.79891205
-23.35206604 -3.79435825 -52.85956192 14.48764133 51.45199203 30.79920006
-23.34890175 -3.78690863 -52.86109543 14.48494434 51.45220566 30.79767799
-23.35177803 -3.79039359 -52.85996628 14.48643970 51.45230103 30.79833603
-23.35039330 -3.79220080 -52.86034775 14.48465347 51.45125198 30.79910278
-23.34977531 -3.78811455 -52.86112213 14.48670673 51.45119858 30.79833031
-23.35005569 -3.78828478 -52.86040115 14.48791599 51.45124817 30.79790115
-23.34981728 -3.78853631 -52.86160278 14.48576736 51.45262146 30.79972267
