56.33135986 -2.57486773 75.51876831 29.07455826 -98.68006134 -46.06409454
56.33214569 -2.57616830 75.51783752 29.07446098 -98.68087769 -46.06297684
56.33269501 -2.57314444 75.51937866 29.07183456 -98.68032837 -46.06297684
56.33279037 -2.57333803 75.51800537 29.07477188 -98.67979431 -46.06122208
56.33107376 -2.57321572 75.51783752 29.07424355 -98.68097687 -46.06428909
56.33115768 -2.57283425 75.51805878 29.07331467 -98.67919159 -46.06251144
56.33094788 -2.57418561 75.51767731 29.07285690 -98.68041229 -46.06437683
56.32908249 -2.57542443 75.51902008 29.07431602 -98.68025970 -46.06322098
56.33131409 -2.57028699 75.51786041 29.07539558 -98.68019104 -46.06401825
56.33193970 -2.57705283 75.51765442 29.07266617 -98.67910767 -46.06245422
56.33149719 -2.57868433 75.51969910 29.07519722 -98.68009949 -46.06370163
56.33156967 -2.57143950 75.51931763 29.07534218 -98.68070221 -46.06397629
56.33131027 -2.57188869 75.51806641 29.07304573 -98.68033600 -46.06363678
56.33081436 -2.57792187 75.51895905 29.07573509 -98.67884064 -46.06354904
56.33116913 -2.57650852 75.51757050 29.07440186 -98.68013763 -46.06294632
56.33153152 -2.57289219 75.51909637 29.07401085 -98.67972565 -46.06335831
56.32944107 -2.57841158 75.51784515 29.07383919 -98.67967987 -46.06346130
56.33171082 -2.56969953 75.51806641 29.07312202 -98.68096161 -46.06419754
56.33277512 -2.57725406 75.51863861 29.07484818 -98.68064117 -46.06400299
56.33119202 -2.57761502 75.51856995 29.07473183 -98.67929840 -46.06278992
56.33029938 -2.57867527 75.51773071 29.07372856 -98.68013000 -46.06256866
56.33227539 -2.56773305 75.51850891 29.07384872 -98.68018341 -46.06470490
56.33120346 -2.58138728 75.51795959 29.07212257 -98.67916107 -46.06295013
56.33129120 -2.57200837 75.51907349 29.07362938 -98.67993927 -46.06307983
56.33203506 -2.57561088 75.51882172 29.07481194 -98.68205261 -46.06285095
56.33179092 -2.57545209 75.51708221 29.07594490 -98.68001556 -46.06250763
56.33029175 -2.57102323 75.51824188 29.07358360 -98.67911530 -46.06156921
56.33120346 -2.57492852 75.51820374 29.07398033 -98.67876434 -46.06191254
56.33292389 -2.56924438 75.51820374 29.07354355 -98.67952728 -46.06312180
56.33027649 -2.56612945 75.51914215 29.07259560 -98.68151855 -46.06539536
56.33014679 -2.57789493 75.51806641 29.07477188 -98.68076324 -46.06228256
56.33059311 -2.57094526 75.51944733 29.07417107 -98.67988586 -46.06262207
56.33038330 -2.57377768 75.51792908 29.07545090 -98.68013000 -46.06330490
56.33023071 -2.57853436 75.51750183 29.07518005 -98.68013000 -46.06276703
56.33065414 -2.57027006 75.51894379 29.07501030 -98.68003082 -46.06394958
51.65851593 3.94536662 67.68656158 29.53628922 -99.52758789 -50.73926926
45.10299301 13.08988094 56.69619751 30.18082428 -100.71557617 -57.30291367
39.28314590 21.18903923 47.02980804 30.68794441 -101.77145386 -63.12690353
39.03310776 21.29888344 47.71020508 29.84780693 -101.81558990 -63.37493896
38.78215408 21.41317558 48.39369583 29.00827789 -101.86078644 -63.62654114
38.53384399 21.53054047 49.07485962 28.16616821 -101.90737915 -63.87639999
38.28313065 21.63997078 49.75687408 27.32720757 -101.95256805 -64.12830353
38.03245926 21.75298691 50.43559647 26.49041176 -101.99579620 -64.37917328
37.78131485 21.86200142 51.11944580 25.64580154 -102.04169464 -64.62940979
37.53420258 21.97882080 51.80049133 24.80748749 -102.08628845 -64.87897491
37.28501511 22.09394264 52.48025131 23.96948242 -102.13262177 -65.12935638
37.03327560 22.20498466 53.16249847 23.12914276 -102.17765045 -65.37963867
36.78428268 22.31543541 53.84428406 22.28944778 -102.22449493 -65.63111115
36.53228760 22.42992020 54.52614594 21.44735718 -102.26773834 -65.88167572
36.28977203 22.01444054 55.61788559 20.72817039 -102.30970764 -66.12435150
36.04116058 20.21027946 57.88521194 20.20944595 -102.34404755 -66.38111115
33.31368637 0.76692343 82.33417511 14.59265041 -102.72454834 -69.14589691
33.31698227 0.77451169 82.33531952 14.60048962 -102.72296906 -69.14492035
33.31463623 0.77339143 82.33589172 14.59395027 -102.72406769 -69.14656830
33.31441498 0.77017486 82.33475494 14.59930134 -102.72303772 -69.14551544
33.31455612 0.77260900 82.33581543 14.59433365 -102.72399139 -69.14514923
33.31418228 0.77025950 82.33675385 14.59805965 -102.72405243 -69.14482880
33.31437302 0.78090966 82.33491516 14.59358883 -102.72286987 -69.14632416
33.31412506 0.77290052 82.33491516 14.59441471 -102.72454071 -69.14580536
33.31309128 0.76908875 82.33535004 14.59062004 -102.72286224 -69.14743042
33.31461334 0.77673382 82.33630371 14.59555340 -102.72350311 -69.14427185
33.31426239 0.77091563 82.33567810 14.60255432 -102.72385406 -69.14524078
33.31423187 0.77667940 82.33576202 14.59554672 -102.72406769 -69.14685822
33.31409836 0.77882367 82.33551025 14.59898376 -102.72325897 -69.14566040
