-35.38922119 -0.54409891 -28.07786942 -19.48440742 50.05072403 35.07887650
-35.38914490 -0.54779512 -28.07905769 -19.48543358 50.04916000 35.07878494
-35.39011002 -0.54665208 -28.07792091 -19.48587799 50.04981995 35.07912064
-35.34933853 -0.57833749 -28.09286690 -19.42626381 50.05827713 35.06870651
-34.82096481 -0.97882891 -28.28988647 -18.64612198 50.17117691 34.93475723
-34.29224777 -1.37861800 -28.49161911 -17.86319733 50.28228378 34.79796600
-33.76356506 -1.77878606 -28.69014359 -17.08371735 50.39586639 34.66426468
-33.23526764 -2.18586087 -28.88994980 -16.29823112 50.50802994 34.52996826
-32.70734406 -2.58447838 -29.08763123 -15.51891994 50.62003326 34.39591980
-32.17783737 -2.98618007 -29.28749084 -14.73638916 50.73308182 34.26001740
-31.64946938 -3.38603592 -29.48620033 -13.95432472 50.84523773 34.12539291
-31.12040138 -3.79076219 -29.68669891 -13.17008209 50.95697784 33.99119186
-30.59281921 -4.18961620 -29.88666534 -12.38909531 51.07006454 33.85723114
-30.06418419 -4.59315109 -30.08389473 -11.60776424 51.18157578 33.72146225
-29.53409004 -4.99731684 -30.28399277 -10.82612038 51.29407883 33.58549500
-29.00684929 -5.39410114 -30.48273087 -10.04248714 51.40634537 33.45346069
-28.47808456 -5.79649782 -30.68128777 -9.26168919 51.51847839 33.31750488
-27.95028877 -6.19524193 -30.87994385 -8.47985268 51.63083267 33.18196487
-27.42018127 -6.60019541 -31.07996559 -7.69867611 51.74382401 33.04820633
-26.89112663 -7.00005865 -31.27748489 -6.91704082 51.85545731 32.91309357
-26.36118698 -7.40302086 -31.47607422 -6.13696527 51.96858215 32.77853394
-25.83410454 -7.80332088 -31.67674446 -5.35176086 52.08082199 32.64404678
-25.30524063 -8.20938015 -31.87515640 -4.57079554 52.19326782 32.50962067
-24.77831459 -8.60535908 -32.07318115 -3.78602624 52.30500793 32.37444687
-24.24751663 -9.01074409 -32.27290344 -3.00110126 52.41720200 32.23950195
-23.71872139 -9.41155148 -32.47211075 -2.22556472 52.52975082 32.10556412
-23.19193840 -9.81055355 -32.67152023 -1.44100273 52.64256287 31.97074509
-21.84083557 -10.64564228 -33.88722992 1.07383406 52.92651367 31.62567902
-21.57475281 -10.59733486 -34.87009430 2.10656404 52.98378754 31.55755806
-21.30514336 -10.55765343 -35.85371399 3.13979268 53.04100418 31.48895836
-21.04013062 -10.51268196 -36.83671188 4.17536926 53.09753418 31.42005539
-20.77250290 -10.47429180 -37.82120132 5.20236874 53.15423203 31.35250092
-20.50693512 -10.42734432 -38.80542755 6.23724461 53.21151352 31.28291893
-20.23903084 -10.38297462 -39.78786850 7.27263927 53.26821899 31.21483231
-19.96977425 -10.34252644 -40.77262115 8.30696297 53.32473755 31.14627647
-19.70361137 -10.29869270 -41.75644302 9.34020996 53.38193130 31.07831001
-19.43646622 -10.25485706 -42.73914337 10.37187958 53.43854523 31.00892067
-19.17043114 -10.21263123 -43.72280502 11.40657616 53.49501419 30.94141006
-18.90202713 -10.17229652 -44.70570374 12.43695831 53.55296707 30.87310982
-18.63568115 -10.12943172 -45.68977356 13.47718048 53.60952759 30.80438995
-18.36896706 -10.09051609 -46.67396927 14.50580883 53.66634369 30.73632240
-18.10081863 -10.04333878 -47.65690994 15.53857040 53.72318649 30.66817093
-17.83255768 -9.99788380 -48.64212418 16.57195663 53.77988052 30.59862900
-17.56384468 -9.95421886 -49.62497711 17.60342026 53.83686447 30.53066254
-17.29832649 -9.91192627 -50.60802841 18.63574219 53.89396667 30.46198654
-17.03295898 -9.86999130 -51.59142303 19.67289352 53.95037842 30.39397430
-16.76611519 -9.82816887 -52.57561111 20.70391846 54.00758743 30.32534790
-16.49875069 -9.78381920 -53.55800629 21.73777390 54.06493759 30.25634575
-16.22983932 -9.74362373 -54.54222488 22.77017403 54.12128067 30.18896866
-15.96042156 -9.70251369 -55.52560806 23.80301666 54.17820358 30.12086678
-15.72380733 -9.63009453 -56.52244568 24.81195641 54.22966385 30.05842590
-15.72270584 -7.24060822 -65.11445618 31.02066612 54.22998428 30.06118011
-15.72163677 -7.23971367 -65.11454010 31.02013206 54.23059845 30.06111526
-15.72544289 -7.23832560 -65.11425018 31.01941109 54.23091888 30.06189346
-15.72398758 -7.23731470 -65.11435699 31.01955605 54.23046494 30.06202316
-15.72376823 -7.23970795 -65.11436462 31.01883507 54.23059845 30.06159210
-15.72390461 -7.24122858 -65.11473846 31.01847839 54.23052979 30.06221771
-15.72503757 -7.23914003 -65.11444855 31.01709175 54.23071289 30.06130981
-15.72382736 -7.40309191 -64.53137207 30.59561920 54.23065186 30.06095886
-15.72148609 -15.48938560 -35.48075867 9.62890053 54.22888184 30.05841637
-15.72299385 -15.49130917 -35.47996902 9.62886333 54.22862625 30.05870438
-15.72104454 -15.48651409 -35.47942734 9.63195324 54.22875595 30.05883789
-15.72059727 -15.48886299 -35.48015594 9.62941933 54.22864532 30.05757332
-15.72067928 -15.48955727 -35.48043060 9.63240242 54.22878647 30.05706024
