41.01399994 -16.06244850 75.74248505 45.66691971 -91.49692535 -78.57722473
41.01621628 -16.06001854 75.74050140 45.66817856 -91.49751282 -78.57570648
41.01651382 -16.06002235 75.74111176 45.66804504 -91.49760437 -78.57645416
41.01597977 -16.05792999 75.74178314 45.66708755 -91.49752808 -78.57630157
41.01504517 -16.05908012 75.74259949 45.66768265 -91.49788666 -78.57592773
41.01629639 -16.06065559 75.74194336 45.66978073 -91.49731445 -78.57551575
41.01547241 -16.05799866 75.74230957 45.66863632 -91.49739075 -78.57759094
41.01646805 -16.05916977 75.74220276 45.66971970 -91.49739075 -78.57582092
41.01513290 -16.05824852 75.74225616 45.66893005 -91.49784088 -78.57701874
41.01584244 -16.06035233 75.74163055 45.66611862 -91.49818420 -78.57740784
41.01438141 -16.05614090 75.74148560 45.66931915 -91.49815369 -78.57609558
41.01652527 -16.06211853 75.74253082 45.66753006 -91.49711609 -78.57718658
41.01459885 -16.06010246 75.74170685 45.66955185 -91.49779510 -78.57645416
41.01686478 -16.06036568 75.74100494 45.66884995 -91.49781799 -78.57710266
41.01602173 -16.05901718 75.74181366 45.66891098 -91.49798584 -78.57648468
41.01532364 -16.05805969 75.74140167 45.66891479 -91.49814606 -78.57647705
41.01645660 -16.05712128 75.74213409 45.66798019 -91.49770355 -78.57682800
41.01634979 -16.06319427 75.74232483 45.66656113 -91.49781036 -78.57729340
41.01634598 -16.05583572 75.74293518 45.66897964 -91.49766541 -78.57657623
41.01527405 -16.05760193 75.74165344 45.66833115 -91.49774170 -78.57765198
41.01615524 -16.06102753 75.74219513 45.66773224 -91.49767303 -78.57680511
41.01655197 -16.06045151 75.74237823 45.66872406 -91.49802399 -78.57669067
41.01627350 -16.05794144 75.74256897 45.66864395 -91.49813843 -78.57659149
41.01677322 -16.05776787 75.74332428 45.66709137 -91.49830627 -78.57637024
41.01549149 -16.06178284 75.74207306 45.66767883 -91.49733734 -78.57610321
41.01769638 -16.05723572 75.74057007 45.66979980 -91.49770355 -78.57608032
41.01718521 -16.06094170 75.74251556 45.67008972 -91.49772644 -78.57625580
41.01506805 -16.06054497 75.74090576 45.66893387 -91.49796295 -78.57653046
41.01611710 -16.05790901 75.74097443 45.66873550 -91.49822998 -78.57661438
41.01548386 -16.05764961 75.74178314 45.66853333 -91.49756622 -78.57672882
41.01488876 -16.05588913 75.74178314 45.66850281 -91.49840546 -78.57685852
41.01528549 -16.05844307 75.74172211 45.66833496 -91.49736786 -78.57687378
41.01660919 -16.06372643 75.74185181 45.66851807 -91.49759674 -78.57632446
41.01580048 -16.05550957 75.74189758 45.66657257 -91.49755096 -78.57758331
41.01681519 -16.05861664 75.74169922 45.66848755 -91.49739075 -78.57669830
41.01666641 -16.05644798 75.74157715 45.66743469 -91.49777222 -78.57596588
41.01519012 -16.05801582 75.74114227 45.66959763 -91.49758148 -78.57665253
41.01706314 -16.05714035 75.74147034 45.67040634 -91.49783325 -78.57707214
41.01495361 -16.05694962 75.74317932 45.66815567 -91.49797058 -78.57696533
41.01528931 -16.05979919 75.74172211 45.66815567 -91.49760437 -78.57631683
41.01617813 -16.06080627 75.74292755 45.66871262 -91.49822998 -78.57663727
41.01591110 -16.06303787 75.74158478 45.66826248 -91.49799347 -78.57642365
41.01479721 -16.05758476 75.74178314 45.66786957 -91.49747467 -78.57782745
41.01554871 -16.06096649 75.74193573 45.66809082 -91.49759674 -78.57666016
41.01594162 -16.05658913 75.74218750 45.66778564 -91.49745941 -78.57645416
41.01808929 -16.05848694 75.74225616 45.66966629 -91.49745941 -78.57722473
41.01838684 -16.05785561 75.74266052 45.66913605 -91.49837494 -78.57704163
41.01633835 -16.05920219 75.74197388 45.66809464 -91.49759674 -78.57697296
41.01721573 -16.05438995 75.74172211 45.66929626 -91.49747467 -78.57661438
41.01634598 -16.05830193 75.74134064 45.66865158 -91.49756622 -78.57614899
41.01404953 -16.06026459 75.74090576 45.66882706 -91.49759674 -78.57646179
41.01610947 -16.05844116 75.74172211 45.66694641 -91.49855042 -78.57641602
41.44887543 -2.84344983 65.05546570 43.14590836 -91.38656616 -78.15507507
41.63809967 2.99286032 60.33938599 42.03336334 -91.33764648 -77.96812439
41.49058914 -1.51722455 63.98311234 42.89309311 -91.37559509 -78.11367798
41.34168625 -6.02212572 67.62468719 43.75216293 -91.41294861 -78.25624847
41.19562531 -10.52753735 71.26783752 44.61395264 -91.45187378 -78.39984894
41.04922867 -15.02790451 74.91017151 45.47421646 -91.48891449 -78.54373169
41.01540375 -16.05951881 75.74130249 45.66898346 -91.49603271 -78.57641602
41.01350021 -16.05925751 75.74025726 45.66850281 -91.49750519 -78.57631683
41.01653290 -16.05768394 75.74179840 45.66941452 -91.49757385 -78.57690430
41.01694489 -16.05558014 75.74214935 45.66797256 -91.49808502 -78.57676697
41.01725388 -16.05837250 75.74056244 45.66848373 -91.49771118 -78.57715607
41.01642609 -16.05727768 75.74208069 45.67039490 -91.49742126 -78.57688141
