4.37263250 -33.42199707 85.51230621 37.62397766 -91.26935577 -135.84028625
4.36131096 -33.40594101 85.51445007 37.62866211 -91.27478027 -135.83866882
4.37793303 -33.40146255 85.52696991 37.61988831 -91.27314758 -135.82954407
4.38683224 -33.40503311 85.50605774 37.60874557 -91.27617645 -135.83969116
4.36167669 -33.42074203 85.51632690 37.61446762 -91.26660919 -135.85397339
4.36067200 -33.40476608 85.51010895 37.60702133 -91.27297211 -135.83999634
4.36212683 -33.41409683 85.51344299 37.61622620 -91.28007507 -135.84169006
4.36812401 -33.40640259 85.51655579 37.61556244 -91.27046967 -135.82463074
4.36026478 -33.41599655 85.52146149 37.62021637 -91.27584076 -135.84957886
4.37385273 -33.41282654 85.53249359 37.60859299 -91.27100372 -135.85140991
4.37281847 -33.40872192 85.51615906 37.61458588 -91.27655792 -135.84310913
4.37708139 -33.41027832 85.51546478 37.60702133 -91.27260590 -135.85603333
4.36930132 -33.40653992 85.51788330 37.62524796 -91.26737976 -135.84603882
4.37612391 -33.41102600 85.51393890 37.60432434 -91.27687073 -135.84390259
4.37832069 -33.42658234 85.51619720 37.61790085 -91.27410889 -135.83995056
4.37631226 -33.40952301 85.51284027 37.61429977 -91.27508545 -135.84065247
4.38591957 -33.41241455 85.51139069 37.62335968 -91.27043152 -135.84851074
4.37152958 -33.41098785 85.52163696 37.62192917 -91.27513123 -135.84671021
4.37863874 -33.40514755 85.51273346 37.61495972 -91.27268982 -135.84822083
4.37208033 -33.41262817 85.51407623 37.63221741 -91.27494812 -135.83428955
4.37297344 -33.40854263 85.52471924 37.61937714 -91.27333832 -135.84446716
4.37413788 -33.41488647 85.51067352 37.62784958 -91.27348328 -135.84332275
4.36834669 -33.40412521 85.50363922 37.60789490 -91.27751160 -135.84393311
4.37171125 -33.40352631 85.50729370 37.62543488 -91.26760101 -135.83297729
4.36440516 -33.40077209 85.51880646 37.62914276 -91.28965759 -135.83728027
4.36499023 -33.40841293 85.51306915 37.62510681 -91.27544403 -135.84521484
4.36761093 -33.41463470 85.51001740 37.62199402 -91.26423645 -135.84300232
4.37795067 -33.40847778 85.51509094 37.62553024 -91.28028107 -135.86038208
4.38612127 -33.42414856 85.51396179 37.61455154 -91.27861023 -135.83551025
4.37084055 -33.41153717 85.53321075 37.62340164 -91.27002716 -135.84136963
4.36567545 -33.40754318 85.51419067 37.61757278 -91.27343750 -135.83105469
4.36184406 -33.41847229 85.52362823 37.61294937 -91.27931213 -135.85108948
4.37086201 -33.41001511 85.51742554 37.62089920 -91.28125763 -135.84184265
4.38569689 -33.40486526 85.51912689 37.61956406 -91.27658844 -135.85392761
4.36998558 -33.41324997 85.50237274 37.61579895 -91.26318359 -135.85221863
4.37247944 -33.41865921 85.51768494 37.61411667 -91.26380920 -135.84660339
4.36529350 -33.40782166 85.51277924 37.61103439 -91.27931213 -135.82925415
4.37426901 -33.41870499 85.50830078 37.62451935 -91.28305054 -135.85444641
4.35881901 -33.40570068 85.51565552 37.62472916 -91.27939606 -135.84562683
4.38083124 -33.42833710 85.51886749 37.60962677 -91.27449036 -135.84358215
4.37621355 -33.40365982 85.52011871 37.62162399 -91.28070831 -135.84643555
4.35537910 -33.40833282 85.52006531 37.61591339 -91.28186798 -135.84678650
4.35859442 -33.40494919 85.52229309 37.62353134 -91.27067566 -135.84577942
4.37463284 -33.41519547 85.51647949 37.62329102 -91.28092957 -135.86660767
4.59612370 -33.12873459 85.39613342 37.47140121 -91.27302551 -135.62179565
5.51007986 -32.13018417 84.91651917 36.92628860 -91.30996704 -134.73020935
6.39277792 -31.09464645 84.42548370 36.41295242 -91.32508850 -133.85783386
7.28515911 -30.07787323 83.94908142 35.86741638 -91.35709381 -132.95811462
8.15988731 -29.07892799 83.48294830 35.32828903 -91.38874817 -132.08476257
9.04432774 -28.07118797 82.98890686 34.78592682 -91.40950012 -131.19854736
9.91295910 -27.05068207 82.51511383 34.25527573 -91.43193054 -130.32952881
20.11588669 -15.33603001 77.01245117 28.05908775 -91.73844147 -120.20698547
23.44486046 -13.00417423 82.26263428 20.48669243 -91.83927155 -116.93207550
23.38830566 -14.67730904 89.91067505 14.50191116 -91.82297516 -116.97747803
10.57340240 -30.91524887 97.08363342 23.55713463 -91.46041870 -129.67207336
4.35971212 -36.25260162 93.43540955 32.53461456 -91.28487396 -135.85682678
4.36404705 -33.40464783 85.51766968 37.62271881 -91.27607727 -135.84486389
4.35692453 -33.41999435 85.51573944 37.61330795 -91.27539825 -135.84678650
4.36881828 -33.42791748 85.52397156 37.61818695 -91.26977539 -135.83988953
4.54029560 -33.20173645 85.40690613 37.51502991 -91.29187012 -135.64669800
4.85250378 -32.85635376 85.24884033 37.31720352 -91.29173279 -135.35250854
5.14547300 -32.49309158 85.08146667 37.14643478 -91.28987885 -135.03726196
5.45704031 -32.16669846 84.90766144 36.96977234 -91.30480957 -134.71331787
5.76577950 -31.81872559 84.76178741 36.77093124 -91.31765747 -134.42318726
