-36.96205521 -0.65110254 -29.37903023 -20.29047012 52.39855194 36.68996811
-36.98479080 -0.70030993 -29.38279343 -20.29477692 52.35991287 36.72005081
-37.01583481 -0.69962680 -29.34336853 -20.29589462 52.38099670 36.68757248
-36.97998810 -0.69683641 -29.33469200 -20.32861900 52.41586685 36.72295761
-36.99345398 -0.67613435 -29.34736824 -20.31738663 52.40276718 36.72153473
-37.00648880 -0.68399662 -29.35341072 -20.29357147 52.40125275 36.68794250
-36.96694946 -0.66506863 -29.32372475 -20.31069374 52.41696167 36.72320175
-36.99545288 -0.66516769 -29.38079643 -20.33183479 52.39347458 36.70020676
-37.01440430 -0.67167872 -29.34593964 -20.31111717 52.40240097 36.68405914
-36.98096085 -0.68187547 -29.33882332 -20.30556679 52.38629532 36.68494415
-36.95819092 -0.69191277 -29.37988281 -20.31729317 52.42063904 36.72289658
-36.97932816 -0.70101446 -29.37759209 -20.31624222 52.40519714 36.67428207
-36.97822189 -0.68760109 -29.35212135 -20.34760857 52.37699890 36.73322678
-36.99702072 -0.65390325 -29.30644608 -20.29265976 52.40211487 36.69948578
-36.98071671 -0.69752991 -29.35822868 -20.31925583 52.38737869 36.67060089
-36.98637772 -0.68575519 -29.33857727 -20.31904030 52.42655182 36.71683884
-36.95894241 -0.70087564 -29.37857819 -20.32270622 52.41204834 36.67146301
-36.99096680 -0.66713077 -29.36432457 -20.34582901 52.43082428 36.69429398
-36.98538208 -0.69308287 -29.36663055 -20.32108307 52.42665863 36.73009109
-36.96752548 -0.68566221 -29.35764503 -20.32864380 52.37014389 36.66427994
-36.99711609 -0.65785187 -29.34893227 -20.29243660 52.39386749 36.71482086
-36.98544693 -0.68444109 -29.37237930 -20.34180832 52.43038177 36.68144989
-36.97098923 -0.68615651 -29.33326912 -20.32193375 52.40803528 36.70046616
-36.98689270 -0.69913632 -29.34422493 -20.32631111 52.37763596 36.69807053
-36.96884537 -0.65943646 -29.35220718 -20.32257462 52.41069412 36.70090103
-36.97589874 -0.67307383 -29.37421417 -20.33864594 52.41115952 36.68063736
-37.01173401 -0.69082588 -29.38512993 -20.29609680 52.40292358 36.68316650
-36.95078659 -0.68446547 -29.33624077 -20.27903938 52.38546753 36.69540787
-36.98475647 -0.67011958 -29.34535599 -20.31543350 52.40823364 36.70968246
-35.41106415 -2.98636484 -28.37405586 -18.40227509 52.38148880 35.85669708
-33.17462921 -6.30403280 -26.96222878 -15.71710777 52.36530685 34.59874344
-30.90506744 -9.61221886 -25.55782318 -13.00970459 52.35305023 33.44931412
-28.67299271 -12.92217445 -24.12827873 -10.31020927 52.31478882 32.21050262
-27.26597595 -14.95347691 -23.29204178 -8.68259430 52.29793930 31.46713448
-25.19611359 -18.07439804 -21.96332932 -6.18534136 52.24328613 30.31805992
-23.07017326 -21.15392685 -20.63789749 -3.60071182 52.23274994 29.20791626
-20.93472290 -24.22518158 -19.26497078 -1.11873221 52.15508652 28.07691956
-18.86550713 -27.33333015 -17.98873138 1.44717407 52.16561890 26.97296333
-17.27758980 -29.65744400 -17.01289940 3.29796696 52.11427689 26.06583405
-17.26920509 -29.64928055 -17.00300407 3.29389381 52.13831329 26.11856651
-17.31517601 -29.64780235 -17.00506401 3.27540851 52.15544891 26.09087753
-17.26694679 -29.65928459 -17.03086853 3.30734253 52.17428970 26.11023140
-17.27276421 -29.67299080 -16.99818802 3.30234456 52.15165710 26.09923363
-17.29478455 -29.65287399 -17.02819061 3.32302976 52.14778519 26.11540222
-17.26169777 -29.63762665 -17.01003265 3.27751303 52.14863968 26.12285233
-17.28363800 -29.67164993 -16.99893951 3.29066873 52.12651062 26.10313225
-17.27079201 -29.66743469 -17.04240990 3.29148674 52.12881088 26.08505058
-17.26012993 -29.65797043 -16.97896385 3.28034353 52.14363098 26.07184601
-17.25865173 -29.64444733 -17.03444099 3.26329207 52.16465378 26.13060760
-17.28720474 -29.66764450 -16.98770523 3.32264709 52.13409424 26.09379959
-17.24608994 -29.63625908 -16.98685646 3.32203245 52.13079834 26.13232994
-17.33231163 -29.65110016 -17.03542137 3.27655244 52.15126419 26.10658836
-17.27454567 -29.62301445 -17.02083778 3.27409959 52.15520859 26.12717247
-17.25837326 -29.67011833 -16.98631859 3.32065773 52.14703369 26.12705421
-17.31087494 -29.62928772 -17.01200294 3.32284141 52.16340637 26.12606430
-17.31319237 -29.64340401 -17.01397705 3.29357815 52.15622711 26.09549904
-17.25232315 -29.65010834 -16.99833107 3.27746201 52.15098572 26.14741516
-19.53006554 -26.29510117 -18.43123436 0.55222315 52.16336441 27.30786133
-36.97365952 -0.70385504 -29.34416771 -20.28694916 52.39724350 36.70621490
-36.96537399 -0.68413806 -29.33588791 -20.31689644 52.40040588 36.68291092
-36.97133636 -0.66334695 -29.36001778 -20.30796814 52.39606476 36.69163132
-36.99217224 -0.66688865 -29.34958458 -20.32106209 52.39643478 36.69202805
-37.01021957 -0.65795898 -29.35717010 -20.32706451 52.42564774 36.65068817
-36.97723007 -0.70359999 -29.31756210 -20.30170441 52.39733887 36.69336700
